Am/PH sheath cells.c	Body wall muscle.c	Canal associated neurons.c	Cholinergic neurons.c	Ciliated sensory neurons.c	Coelomocytes.c	Distal tip cells.c	Dopaminergic neurons.c	Excretory cells.c	flp-1(+) interneurons.c	GABAergic neurons.c	Germline.c	Intestinal/rectal muscle.c	Non-seam hypodermis.c	Other interneurons.c	Oxygen sensory neurons.c	Pharyngeal epithelia.c	Pharyngeal gland.c	Pharyngeal muscle.c	Pharyngeal neurons.c	Rectum.c	Seam cells.c	Sex myoblasts.c	Socket cells.c	Somatic gonad precursors.c	Touch receptor neurons.c	Vulval precursors.c	Intestine.c	Ciona10	Ciona11	Ciona12	Ciona13	Ciona14	Ciona15	Ciona16	Ciona17	Ciona18	Ciona19	Ciona1	Ciona20	Ciona21	Ciona22	Ciona23	Ciona24	Ciona25	Ciona26	Ciona27	Ciona28	Ciona29	Ciona2	Ciona30	Ciona31	Ciona32	Ciona33	Ciona34	Ciona35	Ciona36	Ciona3	Ciona4	Ciona5	Ciona6	Ciona7	Ciona8	Ciona9
Am/PH sheath cells.c	0.95565953654189	0.375994597985822	0.808819532041146	0.59560774393416	0.753162546991061	0.48927598048442	0.543070228813504	0.797481779429677	0.936668665057835	0.572103868711556	0.3936850719519	0.336415156205154	0.591305958747135	0.843760103140919	0.516963865205553	0.597786624031043	0.930827033648973	0.834812839173759	0.848955059584248	0.623289806783384	0.863970999024723	0.787442252170341	0.244422270179104	0.899549757133735	0.617592564298447	0.359766034086095	0.745585800538324	0.655198952600782	0.926850594412755	0.891079006118482	0.893236188238721	0.796009521331378	0.937870642537637	0.792222007955874	0.898595683142518	0.535568392174244	0.558473830550639	0.545381583209489	0.622359438204553	0.455467454825153	0.795785422360041	0.733443717672361	0.610248535883217	0.48851121639752	0.357141216005985	0.206626275511638	0.328770291044771	0.375474730876438	0.602391152841242	0.552456018378574	0.612313956849684	0.725540261595576	0.156903888876915	0.276225139551203	0.214282821112081	0.355400187213124	0.289408588937928	0.482797147620119	0.294440872759063	0.372330126524265	0.67939236016414	0.355283477027174	0.602438171936649	0.94267137810727
Body wall muscle.c	0.375994597985822	0.996342165898618	0.45919446379452	0.610740908277025	0.445691927673202	0.515306551793228	0.63743702162127	0.60832801177743	0.460806292662333	0.440575290654169	0.563569004368183	0.0210098389487589	0.813706921478269	0.450533491309881	0.664603346338094	0.517933863399748	0.363008448961479	0.173711019305563	0.625764878585807	0.571981554036502	0.488569914457318	0.207953778694063	0.746901335853271	0.422718324206238	0.201461360350592	0.628654488917271	0.288402102155168	0.300650164934953	0.809011541373087	0.67436739977082	0.831104684404975	0.908375371175756	0.717141984481857	0.439228436238593	0.673915817702634	0.120109031768102	0.746360658582724	0.776407970891948	0.185328665612568	0.20438391883341	0.197728661893272	0.800212069623411	0.148426633128414	0.189143114372712	0.402712797000811	0.862496521413375	0.193889829060504	0.186602700218861	0.787436589145924	0.176966818927617	0.739498895643039	0.947142126911975	0.565182313207171	0.564895591569039	0.637283117178513	0.479999042326319	0.507034385188327	0.184776345443308	0.30247411503126	0.134600419133645	0.766776003381009	0.431774798629129	0.997247503840246	0.771713959514872
Canal associated neurons.c	0.808819532041146	0.45919446379452	0.894462901439646	0.925503004074127	0.899552621206149	0.698828783282777	0.682090784230519	0.886915623980537	0.783411989468512	0.889191166472738	0.901091662838412	0.264661102277608	0.679945085010748	0.528849844854611	0.889234594189094	0.911065128370736	0.827518156344366	0.77532682814876	0.749594447186556	0.899825776778986	0.548584925020137	0.457395454185098	0.684189814097999	0.800577319788189	0.775463227151326	0.889176600059171	0.540488781534203	0.721827197990612	0.639219188358245	0.658405183231959	0.499143299957533	0.507593436093916	0.345519253522915	0.303299589172679	0.716168229415512	0.38671395251519	0.889032984510283	0.84507134177128	0.663184314881091	0.494841007699107	0.514606121470432	0.908044266810561	0.448647382273136	0.448348078454812	0.488526071291697	0.335043858748739	0.437010959233593	0.502506695434463	0.792636497019153	0.559505438447757	0.583883080256006	0.543636902877784	0.327495535772705	0.411974930539934	0.404066178996148	0.450806111428034	0.36431940684397	0.586525950134791	0.26623745335788	0.64737906618942	0.760519239374491	0.413147351964041	0.620890193379307	0.271774676448923
Cholinergic neurons.c	0.59560774393416	0.610740908277025	0.925503004074127	0.978064076346285	0.949081108024646	0.840975799584527	0.655219311957709	0.931574777198769	0.424960612503781	0.953676347470007	0.952988499152361	0.207727598419633	0.828919844420386	0.398720192971381	0.948938132789827	0.972851685142373	0.679402769126281	0.680104346914163	0.532131492547345	0.952276646361997	0.296211373355222	0.0563276109387198	0.414637842567556	0.777546180525713	0.278801676089659	0.95109730697599	0.148672085273197	0.154849705130384	0.555284650580176	0.938651741522003	0.539857915388036	0.700383673148684	0.307682964166954	0.148676199321097	0.889573674062371	0.300745427631257	0.984591096653777	0.970105689074001	0.702444685736242	0.308091310250474	0.693777809076738	0.968258135610672	0.365156479216718	0.216507343347376	0.219892253592326	0.207606207312413	0.118802010495199	0.202778528424317	0.967345206159773	0.560319508480446	0.552535888960714	0.59554143421856	0.134677087540835	0.122234083161032	0.184543927603725	0.116848443490531	0.127688587598276	0.373556454579861	0.127401463529155	0.530169503576761	0.953236239143894	0.294564001469709	0.689220676937784	0.481417270267818
Ciliated sensory neurons.c	0.753162546991061	0.445691927673202	0.899552621206149	0.949081108024646	0.961323648103309	0.795341319038055	0.652182926497052	0.910158946949803	0.494095430517027	0.937085570696888	0.915459425711795	0.27203029722518	0.655757347006599	0.388177176947139	0.927183268708692	0.959613923431658	0.838765573865207	0.85366622844039	0.838664005406135	0.929409278347192	0.248576919646029	0.133437621211054	0.26730332115694	0.789208806229532	0.362641409106015	0.930214649743862	0.0933451330854183	0.694198793890256	0.765466980785285	0.965566675992589	0.668851725893803	0.897959501067434	0.522066440348754	0.198068375386525	0.969478527260629	0.332544214727769	0.970340479524115	0.95934807076103	0.824581159217807	0.301181460051975	0.758049187488141	0.966551519614647	0.453055571960078	0.208709947253459	0.244613685601553	0.180493694113772	0.138616197020458	0.24492167305968	0.929054693519166	0.588030905570374	0.508436636035281	0.497591351531588	0.177323385893045	0.13346001493591	0.167098467592692	0.203887167628434	0.187384055135919	0.472965178160346	0.239686797962195	0.710705669001694	0.947049932505369	0.423552675307411	0.606334071837482	0.523537528515046
Coelomocytes.c	0.48927598048442	0.515306551793228	0.698828783282777	0.840975799584527	0.795341319038055	0.910343847684001	0.398948167302486	0.822757049711696	0.560059649159597	0.854120409009548	0.866916842250246	0.308727753775621	0.507778873868388	0.53914457356413	0.710021386683791	0.823644025046673	0.512105179565607	0.640980613200474	0.460186077926425	0.873582704082617	0.69105310766822	0.353591905190156	0.263129666270491	0.47981227664273	0.424683757560995	0.755247596846963	0.360398010510299	0.546863586402817	0.708615672742257	0.909958450135111	0.812766123997402	0.66551328750533	0.819136533776538	0.640259125318905	0.87732916814998	0.595547348424007	0.82806488815911	0.809573716469702	0.777485254639684	0.498074221859647	0.876707066007772	0.591577389517609	0.619454308555087	0.5259363857147	0.499162241801039	0.167530334678207	0.417022684878289	0.440256362662225	0.586687930104077	0.651011890524117	0.574774656167247	0.496961690653217	0.152613131224314	0.343768896845567	0.26191364985768	0.267427924752622	0.168954597784715	0.501235889205074	0.474524700953953	0.552364630202566	0.633576220010674	0.614494203478493	0.494448726427461	0.869035432072475
Distal tip cells.c	0.543070228813504	0.63743702162127	0.682090784230519	0.655219311957709	0.652182926497052	0.398948167302486	0.744981248621222	0.434353490519108	0.502672246268873	0.880298432046437	0.535981879930167	0.310773030796619	0.693855802546035	0.461316928407417	0.597429102899134	0.748291196707207	0.802728537917781	0.727555521872155	0.633558095250273	0.827017612813036	0.60440105890139	0.413900506571451	0.51774132761583	0.471742406303568	0.600113533434552	0.595203595610133	0.593779796562205	0.621824191851356	0.683593478362034	0.475290290156984	0.746473782296452	0.674471032206138	0.623797732236717	0.67462432533019	0.554735180812651	0.373522960747106	0.506752384534031	0.577235208436013	0.395337571632013	0.442201905038583	0.540548327907083	0.771361358831113	0.392405478911586	0.374537445893398	0.631884763087586	0.367016437506365	0.357015945993364	0.376081250232452	0.667604090529119	0.326607278709397	0.843495117975141	0.778081568339983	0.533317427889697	0.672059732316077	0.798638714161956	0.685190227477686	0.627449873584551	0.384567855253542	0.562287769831467	0.701676569668462	0.547277352070721	0.355334946685491	0.702711501226508	0.739564320433427
Dopaminergic neurons.c	0.797481779429677	0.60832801177743	0.886915623980537	0.931574777198769	0.910158946949803	0.822757049711696	0.434353490519108	0.905988551298987	0.752740406266	0.902825190969838	0.910060477626323	0.254029392521752	0.74957051829979	0.546324665054212	0.908006901298499	0.92661433075289	0.702458021858482	0.791018450004	0.595555617772505	0.911343366631076	0.371966360880331	0.260627733117438	0.547956899973674	0.881064405479185	0.306877871888518	0.905462601110488	0.254554315264866	0.424382227007271	0.560772988310109	0.921196753293524	0.449767991074097	0.740454699917151	0.350631752356068	0.228530376951387	0.899839501976351	0.246297842425711	0.939637577473678	0.92853221020772	0.6311195440342	0.202406643897668	0.409953017170017	0.926670444469553	0.412357625540169	0.20947360514362	0.193078394752426	0.200479104020133	0.108790748665292	0.137338780117055	0.9292370670471	0.500692208685457	0.784390705524668	0.454291318819665	0.262667122820092	0.252543743457547	0.253093656487473	0.248247076285622	0.208565311415399	0.297020474679961	0.207867869253062	0.608585283091975	0.911508695950765	0.261033449046726	0.628516668684136	0.483681428027293
Excretory cells.c	0.936668665057835	0.460806292662333	0.783411989468512	0.424960612503781	0.494095430517027	0.560059649159597	0.502672246268873	0.752740406266	0.976348155156102	0.332731691850185	0.404755553364692	0.274114594773239	0.52981711095034	0.939122616687134	0.297649960175155	0.452873914356176	0.924213407710812	0.682327939603021	0.810505874513175	0.472799517598946	0.930657038127421	0.880045552529607	0.230504392125542	0.954650183061177	0.562026749772757	0.291034201733691	0.839986878744347	0.654910617585812	0.728148267963023	0.723477664866925	0.820064293889573	0.636681706187099	0.894961953270004	0.642749995423694	0.7804168706869	0.513368676970471	0.67505295828892	0.53421570658605	0.637517487928198	0.360829915071064	0.624781977618655	0.797340184333741	0.579804531533121	0.384333686791184	0.561700964953344	0.306781390779248	0.296452898482901	0.353473709475163	0.639609078316881	0.526857945998925	0.742261990968099	0.684986816321553	0.193093209487062	0.380383833417199	0.286200511388024	0.498636705422716	0.263352867416645	0.441623367910025	0.438797198235602	0.491693919277678	0.724106182914896	0.406966495207355	0.65620201837452	0.895158114685148
flp-1(+) interneurons.c	0.572103868711556	0.440575290654169	0.889191166472738	0.953676347470007	0.937085570696888	0.854120409009548	0.880298432046437	0.902825190969838	0.332731691850185	0.952372328866353	0.929527974214758	0.329294736204451	0.719212199331018	0.514280117106775	0.924943743824742	0.957091538618958	0.717717012949596	0.806712093005748	0.586630928188001	0.931889574414283	0.341285680533586	0.0965451883064988	0.250339359987319	0.679031705067655	0.238623616052723	0.93354428368934	0.147085625914617	0.278870871214953	0.473664849494382	0.958051601071989	0.579303071448626	0.768501315426151	0.318251378305342	0.147254981438851	0.934436893906082	0.489602389533353	0.968885714230873	0.959514289603983	0.887682163521296	0.525701059914026	0.887227126953863	0.958393203593929	0.574934584456645	0.340179965531544	0.267994863466405	0.121414095949043	0.174045895616949	0.351617289414791	0.926810888809981	0.751796061134712	0.493927771053265	0.529453117002838	0.128436362423452	0.0656419184718085	0.111226752186277	0.109435519276733	0.133727202077726	0.593320559186657	0.200847525331437	0.639826366169895	0.954766687080352	0.496447405474323	0.650132802124834	0.479846507171847
GABAergic neurons.c	0.3936850719519	0.563569004368183	0.901091662838412	0.952988499152361	0.915459425711795	0.866916842250246	0.535981879930167	0.910060477626323	0.404755553364692	0.929527974214758	0.952672010688043	0.200262494601952	0.764324452827223	0.455879968053834	0.923416479254242	0.947061766675828	0.551558455357269	0.770945963121005	0.456248745547947	0.931465972335261	0.302400057118428	0.0967405966430862	0.458957217586527	0.796316274235522	0.312236748005816	0.925542910715947	0.204429533324295	0.197575544296815	0.528876672308527	0.936386400363566	0.501855110081816	0.829303503306415	0.376839574956775	0.205613347468883	0.92720967995076	0.356117243709222	0.968297897973862	0.958488689918062	0.749764989706461	0.307856636537082	0.676015275014508	0.941572970022544	0.388045470259008	0.267779787758925	0.188523723808231	0.246899385697558	0.165318821438719	0.21779433089141	0.946029053319479	0.535707319360321	0.409650912162297	0.614435613764415	0.258356010106869	0.209374784763495	0.259221865990132	0.194593606180332	0.123999218085905	0.387593432017363	0.201561532224291	0.451774037371379	0.928135355939908	0.295037012801112	0.716580371899177	0.520920598795266
Germline.c	0.336415156205154	0.0210098389487589	0.264661102277608	0.207727598419633	0.27203029722518	0.308727753775621	0.310773030796619	0.254029392521752	0.274114594773239	0.329294736204451	0.200262494601952	0.999685010190847	0.149898109697835	0.260196587640135	0.201495011032314	0.301721931542741	0.264432486999266	0.49953580548932	0.267812238879225	0.202426986569531	0.258185571879958	0.744684249980094	0.598227901677388	0.227410862383334	0.86353765163653	0.24682044701346	0.722947727196478	0.513091997622881	0.0777907035613838	0.020824189364782	0.053753794563077	0.0397487551538171	0.182599370231777	0.595090194859493	0.0263263770630862	0.870122063149435	0.0281079748482881	0.0389890395706795	0.542972556946939	0.86854807403123	0.542612813646475	0.0236479425347179	0.850511060873697	0.89610481643483	0.884344273646309	0.675975183882692	0.982371905663943	0.921733355138653	0.0349537843913083	0.679432172144768	0.083177397845034	0.0750203621608917	0.792275301106591	0.801548413767558	0.675444436855171	0.843086822578247	0.816028372188984	0.821434929964336	0.783197634862019	0.875499802455416	0.0590598322719977	0.777772963919679	0.0353510176451873	0.0803088173707816
Intestinal/rectal muscle.c	0.591305958747135	0.813706921478269	0.679945085010748	0.828919844420386	0.655757347006599	0.507778873868388	0.693855802546035	0.74957051829979	0.52981711095034	0.719212199331018	0.764324452827223	0.149898109697835	0.746156862745098	0.482836551218378	0.795085448226113	0.820926398788543	0.588024778355462	0.480230163505664	0.671207084166112	0.794301610923997	0.495317566603081	0.263506413323922	0.696058536330644	0.471066706780555	0.415098039215686	0.80312283967551	0.369417674638509	0.436199232508017	0.726133128481117	0.650998054672548	0.825412009562991	0.841050750383526	0.655462880141843	0.546973099464946	0.65398182257853	0.177656028087526	0.711169526491989	0.765745105860453	0.265312388379291	0.215626293010422	0.349467630990961	0.908964049313993	0.276645138915426	0.180460032903843	0.372324665803172	0.600153748579256	0.19562702288996	0.179578716422346	0.873575061965672	0.235258892046027	0.87715276965657	0.869678526014089	0.414124557925448	0.511392952042756	0.611373653314735	0.48955549390117	0.471824625002014	0.20700178867018	0.332709267783547	0.350193411389287	0.803445137927528	0.357632653061224	0.850406713017212	0.705724187684134
Non-seam hypodermis.c	0.843760103140919	0.450533491309881	0.528849844854611	0.398720192971381	0.388177176947139	0.53914457356413	0.461316928407417	0.546324665054212	0.939122616687134	0.514280117106775	0.455879968053834	0.260196587640135	0.482836551218378	0.991517652453003	0.338747113315022	0.469683979361768	0.860737082591984	0.656377284593376	0.627567447611507	0.473816236691871	0.975129477418287	0.931219130755183	0.184552387243709	0.922999928236111	0.465278430858818	0.290481659236339	0.882516848493043	0.805616637788385	0.711501381362386	0.446191780872268	0.863982320068413	0.613103665153746	0.747059170028321	0.629104358697405	0.535166963984955	0.575741994905402	0.371432601130004	0.232603557095873	0.857960362454993	0.579338054424045	0.748792094711551	0.36987498325976	0.682047429531384	0.490197508308894	0.284727407244978	0.305149329325925	0.389863073384624	0.496013570543711	0.346323218593898	0.782967688013657	0.841860445154231	0.666001179363176	0.220896995701598	0.255867449847118	0.230312295095031	0.257693177542655	0.191932130427888	0.59992775065865	0.628076823135589	0.297432926545003	0.55002853106039	0.482868943083882	0.75362080422225	0.852365230438124
Other interneurons.c	0.516963865205553	0.664603346338094	0.889234594189094	0.948938132789827	0.927183268708692	0.710021386683791	0.597429102899134	0.908006901298499	0.297649960175155	0.924943743824742	0.923416479254242	0.201495011032314	0.795085448226113	0.338747113315022	0.932836728488902	0.949469542788596	0.656974837101159	0.699863018572547	0.663506996906289	0.926887213791631	0.281601219448312	0.0826020354835645	0.50538050883677	0.775341504991707	0.218608135257752	0.924926584364857	0.171782863457053	0.258783127933961	0.670941091426075	0.935496273500517	0.514123265948935	0.781228961527929	0.312513684672087	0.148126561003549	0.909838191699605	0.354383202790445	0.962422477408564	0.949972501238955	0.737442971423192	0.27514325305649	0.685179112841224	0.947970746368005	0.477039525889212	0.263209820810405	0.189202972024814	0.15506177536681	0.11036874925538	0.177516156475688	0.94126666621854	0.567506433289612	0.570326037088506	0.421955405034042	0.141715562052612	0.120477425110355	0.176169956131996	0.149476133265046	0.108727105105668	0.390003096436818	0.0954756403939456	0.468788394825491	0.932072713883643	0.361217077283939	0.714021021417522	0.478628085564349
Oxygen sensory neurons.c	0.597786624031043	0.517933863399748	0.911065128370736	0.972851685142373	0.959613923431658	0.823644025046673	0.748291196707207	0.92661433075289	0.452873914356176	0.957091538618958	0.947061766675828	0.301721931542741	0.820926398788543	0.469683979361768	0.949469542788596	0.985752330226365	0.701896825659287	0.787031586998387	0.597623447809465	0.954704837993786	0.337905044909604	0.075844393090414	0.4011540168664	0.864675069171231	0.369235372444584	0.954808506490569	0.14942699382144	0.284501451148246	0.48667006050795	0.954894600420521	0.52249231782008	0.859981346942078	0.351594552730958	0.155500364314908	0.945081082432639	0.311157272755734	0.983989033781836	0.97752398034726	0.728616997623987	0.300264154323153	0.69162540303419	0.979495832974899	0.390695052580404	0.177699350084429	0.238515796968119	0.246551350057639	0.139654537098174	0.23483674848445	0.94717381997088	0.490303445234055	0.512977682065618	0.557483404769596	0.144734059228227	0.105419795898975	0.15756350734725	0.154525899356408	0.149926671742149	0.392310937529169	0.133234582178771	0.713782049409456	0.964677106498608	0.363036999087251	0.706527463161115	0.461618034228373
Pharyngeal epithelia.c	0.930827033648973	0.363008448961479	0.827518156344366	0.679402769126281	0.838765573865207	0.512105179565607	0.802728537917781	0.702458021858482	0.924213407710812	0.717717012949596	0.551558455357269	0.264432486999266	0.588024778355462	0.860737082591984	0.656974837101159	0.701896825659287	0.99691380569759	0.933351668312493	0.979685207426848	0.81153905822186	0.896416110200386	0.707110390034841	0.364373745484067	0.927247796179787	0.686232565633996	0.585292547846116	0.757923915207907	0.910163075726984	0.949161052390893	0.836876926777219	0.98714967257475	0.784130554912791	0.906756884133687	0.769833672811475	0.865281601768088	0.387798564040774	0.589668569875101	0.47694449575763	0.44624210498964	0.284431773102771	0.85439053184873	0.715683870089749	0.395828717719045	0.597993823795558	0.196378386521578	0.132392715214043	0.280441867310078	0.248787075212196	0.611604311800782	0.310715074532685	0.877084243988225	0.792149466555748	0.270843885410948	0.426062395646891	0.443004242744788	0.420506829145209	0.338088784136674	0.313319570159183	0.268484560138674	0.501429195234109	0.630934085801538	0.425526371980494	0.638173901262089	0.967229967131377
Pharyngeal gland.c	0.834812839173759	0.173711019305563	0.77532682814876	0.680104346914163	0.85366622844039	0.640980613200474	0.727555521872155	0.791018450004	0.682327939603021	0.806712093005748	0.770945963121005	0.49953580548932	0.480230163505664	0.656377284593376	0.699863018572547	0.787031586998387	0.933351668312493	0.956065875613748	0.907311996584928	0.820379367335642	0.719172264820666	0.681084060738316	0.417448729934919	0.723761550859936	0.714064491672283	0.580692607683257	0.629242600676224	0.854997858189668	0.855813296139559	0.864257601791381	0.892598483900067	0.77991716640835	0.870550508448967	0.606374537206235	0.868760785063687	0.686357230420368	0.558991293420911	0.656563691358686	0.752150594577941	0.609186671179039	0.945048626701487	0.625590571848534	0.564745797407026	0.570228720350783	0.298421195504973	0.0788274471850604	0.444535828243891	0.526397962851417	0.385798040606857	0.695395694955678	0.371067935675635	0.518562459273006	0.23320946135352	0.182677790856469	0.210564488795861	0.213085824736258	0.236672361126065	0.627969555921982	0.374929540915786	0.341440910350092	0.516937959692131	0.480732358409812	0.44500162425403	0.887100351618303
Pharyngeal muscle.c	0.848955059584248	0.625764878585807	0.749594447186556	0.532131492547345	0.838664005406135	0.460186077926425	0.633558095250273	0.595555617772505	0.810505874513175	0.586630928188001	0.456248745547947	0.267812238879225	0.671207084166112	0.627567447611507	0.663506996906289	0.597623447809465	0.979685207426848	0.907311996584928	0.972809793471019	0.84166989908784	0.698858153318774	0.44369049681294	0.266238874483145	0.817570670463508	0.474546906637405	0.568870752831446	0.422661521217008	0.823921679559471	0.891292599114241	0.770948462616044	0.946345657336196	0.743298620569867	0.799536314347544	0.66350181152614	0.750361961405143	0.451161561854462	0.55015620585424	0.4830767820788	0.367355288453079	0.316115529140863	0.887785970819338	0.653622334882599	0.326384598548899	0.552585945795448	0.268946923027173	0.218247132698944	0.324899131205845	0.294553829704735	0.481837264527046	0.262827266053733	0.802173774475068	0.671494449453792	0.34707441774104	0.533451033731124	0.54027076801938	0.448764022757466	0.295297952395408	0.312618980427827	0.306952534373505	0.329350102081483	0.628386570234921	0.501573479158485	0.747987521009308	0.900520028724997
Pharyngeal neurons.c	0.623289806783384	0.571981554036502	0.899825776778986	0.952276646361997	0.929409278347192	0.873582704082617	0.827017612813036	0.911343366631076	0.472799517598946	0.931889574414283	0.931465972335261	0.202426986569531	0.794301610923997	0.473816236691871	0.926887213791631	0.954704837993786	0.81153905822186	0.820379367335642	0.84166989908784	0.946693297825122	0.41899373524469	0.138572399591768	0.218708388814913	0.782174021226954	0.347178298216757	0.92731006115763	0.169181754832212	0.320535300564395	0.329886108485175	0.925890671857363	0.453934548355497	0.746360784052512	0.300288101577368	0.135539459059064	0.891366518740527	0.367936062105607	0.957592591011628	0.949594504229701	0.741834021548337	0.297625310176822	0.656201668392586	0.942384138406904	0.37455150843974	0.243675907807563	0.289482453437424	0.151830192958824	0.185536962305371	0.257089513057609	0.917973898032297	0.541497285001615	0.448968726478237	0.391526181442269	0.151571256350302	0.197048663778197	0.238289867230531	0.262630724841344	0.0943475144134114	0.409638302898884	0.22254429641279	0.589143850392448	0.936070706416176	0.470448752070735	0.658556070141685	0.3799315346023
Rectum.c	0.863970999024723	0.488569914457318	0.548584925020137	0.296211373355222	0.248576919646029	0.69105310766822	0.60440105890139	0.371966360880331	0.930657038127421	0.341285680533586	0.302400057118428	0.258185571879958	0.495317566603081	0.975129477418287	0.281601219448312	0.337905044909604	0.896416110200386	0.719172264820666	0.698858153318774	0.41899373524469	0.971652327377013	0.918415368904983	0.204052997356565	0.915457156255014	0.570076887141356	0.265870794020252	0.882558057537129	0.655093484834774	0.785619569003408	0.532156384476247	0.941001234853262	0.656154374801132	0.894834846288603	0.65868301315611	0.677808350293684	0.654109514218771	0.299198033349249	0.268466878665173	0.829976818272379	0.595674899372389	0.815449793747939	0.327944858721815	0.633112872837393	0.441473796835843	0.501764148265625	0.265156771676323	0.451792467102848	0.538159893735212	0.3428388271678	0.760183160914166	0.816060848673676	0.687906904263444	0.130210426314349	0.186120820085376	0.161527795537298	0.182009481884288	0.161919260688347	0.606574972935853	0.497321896527879	0.350629477260714	0.538842443452619	0.507847659249007	0.635178266271629	0.93354554828664
Seam cells.c	0.787442252170341	0.207953778694063	0.457395454185098	0.0563276109387198	0.133437621211054	0.353591905190156	0.413900506571451	0.260627733117438	0.880045552529607	0.0965451883064988	0.0967405966430862	0.744684249980094	0.263506413323922	0.931219130755183	0.0826020354835645	0.075844393090414	0.707110390034841	0.681084060738316	0.44369049681294	0.138572399591768	0.918415368904983	0.941109924750864	0.455088529735645	0.827753440603002	0.789922147850395	0.0694589098082127	0.901963290272463	0.731880596135346	0.546006546432126	0.13255344619097	0.419883520926081	0.196419873565586	0.706011420254602	0.790997591626032	0.167156991468069	0.759070231829208	0.127686338013304	0.11677050124339	0.553590830537103	0.640214593038088	0.510974744867362	0.147597240365376	0.754423222111993	0.663609334510491	0.474572130857908	0.352226421820376	0.711938793980819	0.688152590699854	0.133277540933371	0.569813337065234	0.525684978158977	0.363890175399954	0.631417273644527	0.520408669326478	0.452729414313717	0.704608640315179	0.626229845465992	0.617324500534259	0.722109775919944	0.489919039177592	0.186335667256622	0.469365626563825	0.186083624622924	0.477722939479745
Sex myoblasts.c	0.244422270179104	0.746901335853271	0.684189814097999	0.414637842567556	0.26730332115694	0.263129666270491	0.51774132761583	0.547956899973674	0.230504392125542	0.250339359987319	0.458957217586527	0.598227901677388	0.696058536330644	0.184552387243709	0.50538050883677	0.4011540168664	0.364373745484067	0.417448729934919	0.266238874483145	0.218708388814913	0.204052997356565	0.455088529735645	0.800266311584554	0.309587853657136	0.711713218976006	0.386657718644738	0.736579737844517	0.428865712561982	0.470556218024389	0.107705971956487	0.335877546862473	0.336128707311623	0.52403398834812	0.885852933997985	0.23987158936728	0.338220078265582	0.219342470713465	0.251046767231955	0.101034935003663	0.408951550822179	0.0783828972117059	0.354049054803887	0.296476450135097	0.5095984319773	0.530652874595863	0.674231275106253	0.643618837495663	0.481211231325276	0.467938472230773	0.15684307414255	0.567477337484194	0.397711026598211	0.768388597771153	0.91136102828241	0.880554003685974	0.844859542899729	0.775582237201382	0.29315764343043	0.623417033279255	0.654155634529575	0.246633111265377	0.329278768764496	0.469218465684532	0.29785334334211
Socket cells.c	0.899549757133735	0.422718324206238	0.800577319788189	0.777546180525713	0.789208806229532	0.47981227664273	0.471742406303568	0.881064405479185	0.954650183061177	0.679031705067655	0.796316274235522	0.227410862383334	0.471066706780555	0.922999928236111	0.775341504991707	0.864675069171231	0.927247796179787	0.723761550859936	0.817570670463508	0.782174021226954	0.915457156255014	0.827753440603002	0.309587853657136	0.979023052405307	0.498679524912033	0.666287433473427	0.83785040104879	0.412761514328985	0.892718122842316	0.751933602644323	0.805081660556262	0.81573421019422	0.913863745910986	0.679146311607648	0.854681915173103	0.392712873610331	0.730060974928188	0.686816384880617	0.570809775114362	0.272644782161057	0.395122660294028	0.808123497760007	0.460202622094483	0.307980446543344	0.223173266321018	0.251131651083343	0.254219755836714	0.268412742229834	0.765967511064952	0.399367632997946	0.895367049795217	0.741932245670526	0.234248295002328	0.373546864369099	0.312389390765436	0.407424531248728	0.269057454998194	0.324436456377187	0.422727667786343	0.492735883222774	0.775754301860358	0.31774738581223	0.567392456709372	0.860417294902675
Somatic gonad precursors.c	0.617592564298447	0.201461360350592	0.775463227151326	0.278801676089659	0.362641409106015	0.424683757560995	0.600113533434552	0.306877871888518	0.562026749772757	0.238623616052723	0.312236748005816	0.86353765163653	0.415098039215686	0.465278430858818	0.218608135257752	0.369235372444584	0.686232565633996	0.714064491672283	0.474546906637405	0.347178298216757	0.570076887141356	0.789922147850395	0.711713218976006	0.498679524912033	0.925803921568627	0.264277292262675	0.854109281220861	0.744225358776218	0.409833548761095	0.141250497771975	0.356575943895598	0.32393124655112	0.671949334289552	0.930434426528306	0.304923232670995	0.482275760650659	0.0649284233428019	0.1201231062828	0.130652336471069	0.569445471781054	0.295067483128744	0.225906207068815	0.490343022037256	0.617785298467915	0.685368932117924	0.597574126900266	0.772914961015033	0.616491783083954	0.173265036471653	0.234812586905266	0.355975636377812	0.290828411749007	0.763778966477998	0.884810161549237	0.864432202091292	0.892061826849228	0.834213930107787	0.413992134578227	0.586703714606862	0.691114768843317	0.140710363922194	0.454921568627451	0.185292997942869	0.329217838218313
Touch receptor neurons.c	0.359766034086095	0.628654488917271	0.889176600059171	0.95109730697599	0.930214649743862	0.755247596846963	0.595203595610133	0.905462601110488	0.291034201733691	0.93354428368934	0.925542910715947	0.24682044701346	0.80312283967551	0.290481659236339	0.924926584364857	0.954808506490569	0.585292547846116	0.580692607683257	0.568870752831446	0.92731006115763	0.265870794020252	0.0694589098082127	0.386657718644738	0.666287433473427	0.264277292262675	0.953989007328448	0.144159135964875	0.329416767284723	0.569935248255059	0.956092560358578	0.50299124999906	0.784316138484345	0.283645551067042	0.185478490251604	0.926847524587844	0.283528433501672	0.962621715656272	0.953855830368284	0.73675208222336	0.302229372237701	0.670958464392812	0.94649830428486	0.297975695160161	0.25563544567169	0.170830815739237	0.320771145178717	0.163669226964051	0.215880058765096	0.927682143845272	0.522991348018557	0.616753915216231	0.48939377938695	0.215411837065127	0.193958676734518	0.244003901213676	0.162893523755803	0.217852247123568	0.332623604379885	0.188964503646038	0.638094342946124	0.948922466903906	0.382571206363958	0.765362025139504	0.480407416601908
Vulval precursors.c	0.745585800538324	0.288402102155168	0.540488781534203	0.148672085273197	0.0933451330854183	0.360398010510299	0.593779796562205	0.254554315264866	0.839986878744347	0.147085625914617	0.204429533324295	0.722947727196478	0.369417674638509	0.882516848493043	0.171782863457053	0.14942699382144	0.757923915207907	0.629242600676224	0.422661521217008	0.169181754832212	0.882558057537129	0.901963290272463	0.736579737844517	0.83785040104879	0.854109281220861	0.144159135964875	0.924453002902433	0.685301653471338	0.677063503367292	0.130889199095022	0.420574850570852	0.261532012622051	0.756195751963512	0.889388080707513	0.216202127720145	0.493751879804073	0.105207280460719	0.123680809161897	0.279540806130557	0.509567110997842	0.151522161755126	0.188211419492563	0.512578696053937	0.616536994027347	0.575533463971135	0.467881009675443	0.73335195672312	0.565082744542757	0.268461405186219	0.307617726674531	0.63283419043675	0.510350718299897	0.651001568132524	0.731669826508593	0.707585973081121	0.815326675904117	0.647369240946556	0.38254277816113	0.615439485976514	0.660451272271531	0.140661400367428	0.508126331577507	0.2576953108901	0.582172621144329
Intestine.c	0.655198952600782	0.300650164934953	0.721827197990612	0.154849705130384	0.694198793890256	0.546863586402817	0.621824191851356	0.424382227007271	0.654910617585812	0.278870871214953	0.197575544296815	0.513091997622881	0.436199232508017	0.805616637788385	0.258783127933961	0.284501451148246	0.910163075726984	0.854997858189668	0.823921679559471	0.320535300564395	0.655093484834774	0.731880596135346	0.428865712561982	0.412761514328985	0.744225358776218	0.329416767284723	0.685301653471338	0.985764075067024	0.824196446837522	0.466536347224613	0.820909600904463	0.647120183508536	0.676759958487076	0.83107151981723	0.656771417085848	0.483353823575864	0.238324475606509	0.268377214041969	0.526502552600022	0.425794348464278	0.715839099706058	0.41746268847868	0.565800248490252	0.777143098542502	0.433873589950075	0.249718910370176	0.50304299497351	0.42688091550582	0.257652413406118	0.334207987204757	0.852555951156333	0.423166549069717	0.795360806894209	0.693171930381772	0.846550014701601	0.671409901270425	0.688826829270505	0.432604608788643	0.570971343678265	0.537705030026738	0.480362773332079	0.444083032676878	0.689914550911635	0.735912794181298
Ciona10	0.926850594412755	0.809011541373087	0.639219188358245	0.555284650580176	0.765466980785285	0.708615672742257	0.683593478362034	0.560772988310109	0.728148267963023	0.473664849494382	0.528876672308527	0.0777907035613838	0.726133128481117	0.711501381362386	0.670941091426075	0.48667006050795	0.949161052390893	0.855813296139559	0.891292599114241	0.329886108485175	0.785619569003408	0.546006546432126	0.470556218024389	0.892718122842316	0.409833548761095	0.569935248255059	0.677063503367292	0.824196446837522	0.950184778266081	0.928454189429691	0.945063037708956	0.909386230879809	0.926119947446248	0.8458272471987	0.935135463558557	0.253371546780369	0.5785302203379	0.435951990572356	0.511907088460943	0.0874269229174686	0.752319153535704	0.693253616588211	0.405479381748929	0.269532649968888	0.0934226591156669	0.170497926518219	0.0375769382982327	0.0607374597214859	0.75066734608978	0.270257861535265	0.760850865641151	0.873468336909126	0.33844767184312	0.451107545784322	0.497395500769597	0.410238328050988	0.405352798209165	0.131256200997966	0.282854921228284	0.330447810121538	0.493030931357308	0.242885433238417	0.841236922289092	0.94349654039957
Ciona11	0.891079006118482	0.67436739977082	0.658405183231959	0.938651741522003	0.965566675992589	0.909958450135111	0.475290290156984	0.921196753293524	0.723477664866925	0.958051601071989	0.936386400363566	0.020824189364782	0.650998054672548	0.446191780872268	0.935496273500517	0.954894600420521	0.836876926777219	0.864257601791381	0.770948462616044	0.925890671857363	0.532156384476247	0.13255344619097	0.107705971956487	0.751933602644323	0.141250497771975	0.956092560358578	0.130889199095022	0.466536347224613	0.928454189429691	0.989407219168136	0.956269975432552	0.941752162972178	0.88741867328506	0.725021488221192	0.97795037516433	0.27252171610963	0.97358253326119	0.963929073137965	0.72510326635448	0.195612659662256	0.857347998853198	0.948107235727117	0.538311864288557	0.239007380385446	0.141475302868908	0.0959941490617136	0.0263339820768623	0.085868036635157	0.887776549640695	0.551445381032648	0.783128021106841	0.878377132831272	0.160278910866586	0.201721614690047	0.240040375465002	0.204937426917836	0.264561158954126	0.274888717665261	0.230190540825084	0.365607575799137	0.900075179843222	0.331124550743438	0.884776110094766	0.952983098015277
Ciona12	0.893236188238721	0.831104684404975	0.499143299957533	0.539857915388036	0.668851725893803	0.812766123997402	0.746473782296452	0.449767991074097	0.820064293889573	0.579303071448626	0.501855110081816	0.053753794563077	0.825412009562991	0.863982320068413	0.514123265948935	0.52249231782008	0.98714967257475	0.892598483900067	0.946345657336196	0.453934548355497	0.941001234853262	0.419883520926081	0.335877546862473	0.805081660556262	0.356575943895598	0.50299124999906	0.420574850570852	0.820909600904463	0.945063037708956	0.956269975432552	0.974187206465941	0.919940291986748	0.926303862031388	0.86223534719288	0.940290819529194	0.206204848411471	0.41454709641242	0.404426743357213	0.607146050400187	0.127917300256312	0.79120335569072	0.636915042529487	0.340942770856228	0.156349346635376	0.118109727795776	0.168233376920693	0.0353963568907366	0.0542350366553986	0.74557493753036	0.448762963456957	0.861468960656276	0.913946859793806	0.227167838333869	0.431813192798592	0.411713968081852	0.35748446967986	0.376908507522575	0.155000724497255	0.348216867603189	0.372494855571376	0.539973683085305	0.333859285149236	0.953827708063149	0.963748318898448
Ciona13	0.796009521331378	0.908375371175756	0.507593436093916	0.700383673148684	0.897959501067434	0.66551328750533	0.674471032206138	0.740454699917151	0.636681706187099	0.768501315426151	0.829303503306415	0.0397487551538171	0.841050750383526	0.613103665153746	0.781228961527929	0.859981346942078	0.784130554912791	0.77991716640835	0.743298620569867	0.746360784052512	0.656154374801132	0.196419873565586	0.336128707311623	0.81573421019422	0.32393124655112	0.784316138484345	0.261532012622051	0.647120183508536	0.909386230879809	0.941752162972178	0.919940291986748	0.927494811956166	0.894600451944399	0.770623631790698	0.94180454913688	0.21137155723228	0.862493260699359	0.871651624937439	0.492244864193778	0.0995932156580305	0.710657636966202	0.87349665740008	0.34735839854148	0.120149633739225	0.135111978641722	0.247087657573814	0.0344997142298741	0.0611917835295595	0.810129731848547	0.295639951535227	0.62090448353676	0.812849891568453	0.287702598897077	0.38384062189436	0.427744284542936	0.387459405905506	0.363058043157253	0.153418765890481	0.256416820045085	0.248153547513837	0.780919204071103	0.211689078369179	0.859419668526373	0.899510041308392
Ciona14	0.937870642537637	0.717141984481857	0.345519253522915	0.307682964166954	0.522066440348754	0.819136533776538	0.623797732236717	0.350631752356068	0.894961953270004	0.318251378305342	0.376839574956775	0.182599370231777	0.655462880141843	0.747059170028321	0.312513684672087	0.351594552730958	0.906756884133687	0.870550508448967	0.799536314347544	0.300288101577368	0.894834846288603	0.706011420254602	0.52403398834812	0.913863745910986	0.671949334289552	0.283645551067042	0.756195751963512	0.676759958487076	0.926119947446248	0.88741867328506	0.926303862031388	0.894600451944399	0.931165189605349	0.846139785427175	0.933382073038467	0.328733699567893	0.355973969378059	0.286147189105767	0.462571613115682	0.0858345061521944	0.693819080915956	0.569611154910383	0.440949434416991	0.244955205446649	0.136038145149721	0.275869592643317	0.0941723883600062	0.0862548533330192	0.694589858008372	0.246948162346285	0.639812297942837	0.838398325882644	0.339240803437932	0.496842068487184	0.477058984842596	0.479036238016907	0.409954854533772	0.140278172371747	0.286789149773075	0.383623914095973	0.48758615112829	0.216948875797886	0.811020415075509	0.919832118832275
