Apelin cells(H).z	Apelin cells(P).z	B cells(H).z	Cardiomyocytes (Atrium)(H).z	Cardiomyocytes (Ventricle)(H).z	Endocardial cells(H).z	Endothelial cells (Blood vessel)(H).z	Endothelial cells (Blood vessel)(P).z	Endothelial cells (Heart)(H).z	Endothelial cells (lymph)(P).z	Erythrocytes(H).z	Fibroblasts (Heart)(H).z	Fibroblasts (Liver)(P).z	Fibroblasts (Pancreas)(P).z	Granulocytes(H).z	Granulocytes(P).z	Hepatocytes A(P).z	Hepatocytes B(P).z	Macrophages(H).z	Macrophages(P).z	Microglia(B).z	Monocytes(H).z	Neurons (CNS)(B).z	Oligodendrocytes(B).z	Pancreas duct epithelial cells(P).z	Pancreas endocrine cells (alpha)(P).z	Pancreas endocrine cells (beta)(P).z	Pancreas endocrine cells (delta)(P).z	Pancreas endocrine cells (epsilon)(P).z	Pancreas endocrine cells (gip)(P).z	Pancreas exocrine cells A(P).z	Pancreas exocrine cells B(P).z	Peripheral Neurons(P).z	Radial glia(B).z	Smooth muscle cells (Heart)(H).z	Smooth muscle cells A(P).z	Smooth muscle cells B (Endocrine pancreas)(P).z	sst1.1 cells(P).z	T cells(H).z	T cells(P).z	TNFalpha cells(H).z	Undifferentiated cells(P).z	Unknown(B).z	Unknown(H).z	Ciona10	Ciona11	Ciona12	Ciona13	Ciona14	Ciona15	Ciona16	Ciona17	Ciona18	Ciona19	Ciona1	Ciona20	Ciona21	Ciona22	Ciona23	Ciona24	Ciona25	Ciona26	Ciona27	Ciona28	Ciona29	Ciona2	Ciona30	Ciona31	Ciona32	Ciona33	Ciona34	Ciona35	Ciona36	Ciona3	Ciona4	Ciona5	Ciona6	Ciona7	Ciona8	Ciona9
Apelin cells(H).z	0.99743062692703	0.97327852004111	0.93809092611449	0.725613252981667	0.620000328453027	0.883764892847627	0.86673677623173	0.696734424320478	0.91454334276381	0.661853869148106	0.887005816914216	0.867554184122525	0.735900409421408	0.555385620258547	0.932866046156049	0.859639176831837	0.155340688736395	0.773134640435799	0.884686314629815	0.763194658109136	0.817833496071653	0.924524665981501	0.215153166817865	0.29823613854904	0.747148109243698	0.201843421244446	0.294002865403166	0.42051660383161	0.140297007794336	0.325990995677735	0.295722683861337	0.1322324537262	0.706978603302116	0.236652302554502	0.835411049798181	0.789343731534284	0.718119434153114	0.276555217072737	0.925673783856927	0.876594632314588	0.753489768624661	0.345651516087162	0.521494217788877	0.893302075273722	0.926591738423655	0.857414465541085	0.929273153571448	0.912181440348244	0.898112649603348	0.541081251031871	0.859403402385593	0.32889157159616	0.501136372047633	0.409321158379012	0.692110875983456	0.12933436297061	0.88008357416018	0.73801620668888	0.679258002090621	0.558447342569672	0.262307583454276	0.213631435703708	0.0951841065660215	0.148142077590068	0.6917108183085	0.322981908590774	0.693989799639981	0.868353770032127	0.154281171131878	0.285460318262818	0.248536197603876	0.242482318206461	0.28107693243705	0.202460230207008	0.1590611723542	0.207452103449157	0.670045301726594	0.660023127956218	0.929636919377418	0.907781872667547
Apelin cells(P).z	0.97327852004111	0.968332476875642	0.891326158751625	0.230693380678195	0.118673759615272	0.712739421557992	0.659327948108419	0.778748907605662	0.784106814988631	0.719600451665486	0.553925121104517	0.708236220703503	0.859939832182244	0.711878927988403	0.857589469993092	0.876046045482116	0.646553650506041	0.845841157761621	0.830814084492408	0.818949285007003	0.741472488478192	0.873458376156218	0.104375890199861	0.211033238765145	0.800755131189166	0.386395727764118	0.420773176033703	0.382937267294307	0.513913382597448	0.550674392462863	0.955383513599631	0.629205243097811	0.718087056078255	0.163061376220299	0.680486306209803	0.80996992041627	0.697372321922682	0.370185558135945	0.850108404991188	0.910012040356606	0.635330329143279	0.586362882279313	0.303587017025165	0.611857883856222	0.93526337254493	0.734546104429598	0.897233006104569	0.872023049868569	0.920229891507682	0.580970162047244	0.871224120798918	0.360087396376265	0.319469979921633	0.257845756274347	0.696347802199687	0.16231414225849	0.915795614558266	0.645011652188713	0.761312689941356	0.411461935447896	0.2090280728115	0.122362931080204	0.107700145859874	0.140541750317088	0.58295335264219	0.28819902061544	0.729695823006463	0.908639072957578	0.221057931633904	0.277307658417365	0.335847376493077	0.293544918349789	0.352466957060012	0.198319706718712	0.266566319283063	0.208282405359546	0.635612324716556	0.566558619850818	0.664383089430561	0.878236449821452
B cells(H).z	0.93809092611449	0.891326158751625	0.974392838799618	0.591847599257299	0.418893916556852	0.688925479828552	0.628425891113406	0.42915579866074	0.767184924394455	0.39874338881865	0.840893990307668	0.6635647043725	0.370272115527144	0.343513580637522	0.943036068370363	0.890918548201821	0.225436698548944	0.495165277109722	0.916136015799144	0.839742327023913	0.861580493044172	0.939072883229846	0.270059039099934	0.308827295131891	0.616735116619837	0.260207614841774	0.391516375834111	0.338106812762524	0.0904442022773023	0.340512328684597	0.18969642276015	0.325625642588979	0.399362637554553	0.0836579318276896	0.647817017094142	0.318719646322403	0.287818730201769	0.338265559730732	0.933802161213032	0.919785194113686	0.650774366876062	0.267609055155113	0.271186440677966	0.644573695009861	0.593779934179506	0.412748787475963	0.703656545753503	0.501968919310407	0.634505184496774	0.496514239013863	0.434273238736209	0.678356001915714	0.220861043737908	0.2110519593491	0.795234116933397	0.625349856483018	0.919974853254858	0.551059091282966	0.790700962259458	0.78558753275108	0.577495540847839	0.563355287205266	0.568279731809478	0.650019348484046	0.291347018707664	0.615896146621955	0.346941153723342	0.364535931335133	0.378531422371199	0.388593505924667	0.476493525672102	0.382423308542354	0.334041498316094	0.647968935756484	0.430305624060347	0.350878604548836	0.47743908954553	0.813672387290818	0.602045293037257	0.492469356917656
Cardiomyocytes (Atrium)(H).z	0.725613252981667	0.230693380678195	0.591847599257299	0.952103505997466	0.957336804933927	0.720045966828716	0.693131744311961	0.400889827581315	0.747089945829816	0.392069667554796	0.9054757159458	0.748989302414998	0.610398904758467	0.582505392215119	0.46760762659742	0.357265515592032	0.512962885682947	0.527313194236788	0.510341919928558	0.188088045413473	0.243153785721188	0.633843574365045	0.401853458301217	0.357948778762468	0.422213262222737	0.250660607977896	0.151293547225683	0.334795090484968	0.218800631503462	0.150124826847667	0.361423513188751	0.499885648896206	0.218439651149233	0.448607212111995	0.764076543026762	0.57226654710108	0.657279720642287	0.208015034866554	0.699022021502182	0.201306962033009	0.596699156349574	0.129115877929304	0.511268519777659	0.823081181097541	0.171771614423742	0.127697305504476	0.182369448297185	0.134385562353912	0.132270370757108	0.34880819599083	0.0941175422733023	0.532166233143416	0.25121242774018	0.268536424454941	0.298511322421086	0.743503266521036	0.091113173482116	0.240204003645563	0.13619423947521	0.419527437656628	0.689738389999423	0.877782589226706	0.857095411540243	0.836414134027542	0.273907890712759	0.582460034736882	0.240604959888221	0.255251313296196	0.683890281928175	0.745761778717139	0.570953534399647	0.655688842400139	0.731428755615028	0.695361278444381	0.60325536979509	0.443298407385824	0.312340241689259	0.522951763731323	0.976884092149192	0.231303571631929
Cardiomyocytes (Ventricle)(H).z	0.620000328453027	0.118673759615272	0.418893916556852	0.957336804933927	0.978652584652899	0.643835643975376	0.631424834510447	0.303141580960789	0.622646386690866	0.293663416940025	0.896164947250737	0.70660655409378	0.585453538768131	0.569796528040037	0.300316881635967	0.173557704437056	0.604322514476993	0.441040213199278	0.281677314060325	0.110659874046945	0.0868700462575661	0.430149415656303	0.19397280617198	0.144552898003665	0.265846607911189	0.253746599480327	0.12801005937923	0.341951351905799	0.239566793587126	0.112104124359352	0.471536013203005	0.349760608428743	0.125463018151267	0.332411220720208	0.750327241025084	0.50349851176761	0.660654340478335	0.182475405165484	0.60482788821355	0.108184896979124	0.484870425968258	0.0613598441776138	0.33884932835894	0.808200995701582	0.0738097485204854	0.0559273560263545	0.0563126028429563	0.0362527563248485	0.0702850476085319	0.289868396599275	0.0295692813998995	0.661435070726121	0.258698626447634	0.323254129136634	0.356713594299691	0.835362688685638	0.129277828496019	0.171840208549381	0.200100184794922	0.5659392547176	0.77860955065402	0.894396397222018	0.962895170326921	0.938932001710574	0.151802737028967	0.647238341897108	0.270034389267753	0.191500647779237	0.825736791493994	0.788309872584682	0.66285194733958	0.713603886946557	0.81684385759428	0.819342299863433	0.697295709830694	0.643186238170004	0.282029297519602	0.589078422090864	0.915847805988234	0.11537251247648
Endocardial cells(H).z	0.883764892847627	0.712739421557992	0.688925479828552	0.720045966828716	0.643835643975376	0.902943121693122	0.852267943335478	0.768135748759414	0.896856677608489	0.704444662316391	0.796084261691093	0.841369895362666	0.743269521639224	0.603232798682787	0.727231126398647	0.568811258565357	0.228144394085713	0.690642452968842	0.68359467239081	0.473797437544781	0.60727540684728	0.762752387375814	0.420055176538066	0.550269156732262	0.568275462962963	0.331432278891272	0.305028818658774	0.290106702557481	0.274873627280711	0.290173302086459	0.188295651885603	0.322722024362976	0.586848961036316	0.586195941353827	0.763280338812695	0.713259998495392	0.651756147518134	0.327314916226876	0.665018916069563	0.50392999215195	0.655401594932845	0.333624103889752	0.757558165900327	0.925428157302514	0.869525152819262	0.658195779406624	0.78219527920638	0.878654737717488	0.860842717723468	0.698785588903043	0.743668420196953	0.203696353867991	0.283286885315014	0.24066578032567	0.392147884875219	0.2224911612848	0.477443307991851	0.568253494338287	0.427114175544247	0.378348872926765	0.475552607254415	0.654474275932702	0.286382444607331	0.273886382693846	0.647278949146947	0.266576523445109	0.626197502485089	0.789528120512283	0.463659599863783	0.623653457184597	0.55220190109413	0.605058490379334	0.612826608977152	0.216679631205554	0.466692442413979	0.434273932130247	0.399667343475306	0.441775217031257	0.780496021864921	0.816076642579037
Endothelial cells (Blood vessel)(H).z	0.86673677623173	0.659327948108419	0.628425891113406	0.693131744311961	0.631424834510447	0.852267943335478	0.917188301693176	0.80635814816206	0.863710380603473	0.718776532364358	0.792428422368493	0.837520944133746	0.77868895295563	0.613816555641421	0.613396411253354	0.55790447129255	0.106187175426438	0.689315627197233	0.643862268231611	0.443543331613701	0.654320255602805	0.712032272591368	0.559647000913453	0.561870962719228	0.489692947471446	0.197263565904668	0.162643442399175	0.229181267256299	0.328835300153925	0.2366643894806	0.185606608661219	0.173891236134909	0.582096801372013	0.596358956093375	0.768842273034388	0.786659793145777	0.663215084728312	0.197400691580516	0.649651041091037	0.455151192101544	0.642014609727539	0.225621390275774	0.753122964149914	0.898608062493692	0.872574375603048	0.758846533604104	0.811589354774589	0.811682206529733	0.818375224380045	0.80335156347072	0.750727987453761	0.155516717229512	0.28647308203562	0.289685308364218	0.307924163496406	0.305726643915815	0.362227839299702	0.474716998661501	0.341111524750849	0.339565472079371	0.536813484187453	0.704838326749938	0.425136929130905	0.392824683584869	0.686713491049873	0.277024408214438	0.790787930192065	0.787420253092699	0.394967054458776	0.672632112082954	0.52981258552258	0.608527347429812	0.524521289548378	0.249106987865988	0.439792956281446	0.446217222527735	0.352077587918869	0.434849440032555	0.875037447837065	0.901333106281439
Endothelial cells (Blood vessel)(P).z	0.696734424320478	0.778748907605662	0.42915579866074	0.400889827581315	0.303141580960789	0.768135748759414	0.80635814816206	0.842287911989625	0.770619799044936	0.734733909068963	0.528561898832605	0.734425140408322	0.786261025865476	0.668388563864042	0.429412066648901	0.651373619110336	0.416285197289104	0.711194573683642	0.528816522567131	0.475836476522155	0.546058748687874	0.605525870499369	0.283516393374264	0.5008816014034	0.570071401654441	0.339779550255017	0.294050035943991	0.325052859472728	0.50369992704947	0.311782686413562	0.859202507838519	0.437866795880943	0.631549822919298	0.615626653014324	0.63429366388128	0.747927901389718	0.65396211846429	0.308802512592022	0.465431328732273	0.591308187677441	0.536510399287221	0.46314486267374	0.719558345147541	0.82221061998714	0.740051996635387	0.456508010711876	0.461598717563409	0.561573506536834	0.756352702227819	0.76395084025914	0.593558644196549	0.339496767224878	0.120937033544051	0.141356752112971	0.313738207144492	0.424970773613542	0.414419395621102	0.123566529791018	0.313359250054836	0.355881842971322	0.561219081414877	0.552162606851895	0.569257606056463	0.500457026125247	0.251614140841915	0.334693277239278	0.627995930325653	0.660238430639226	0.582352724343858	0.691795232200238	0.590597916496524	0.653287504007504	0.605207651653002	0.344402473198938	0.555012976434867	0.670655566616714	0.162331670657312	0.42257731320246	0.202754350871635	0.639976456615781
Endothelial cells (Heart)(H).z	0.91454334276381	0.784106814988631	0.767184924394455	0.747089945829816	0.622646386690866	0.896856677608489	0.863710380603473	0.770619799044936	0.923619590286257	0.711869228957075	0.819999529070139	0.848870541873687	0.764840982848511	0.632317251104078	0.782784899922284	0.660129137263329	0.271963319269319	0.713742260602164	0.731517182747976	0.546171006668733	0.687521279915405	0.799661637680353	0.440834791947728	0.571937375270783	0.636631273375199	0.312248530495431	0.306795064167179	0.274111012597683	0.226918171194314	0.332792981786105	0.184401466988137	0.443016555668912	0.621844989013414	0.612969298050678	0.781963619355829	0.72373417059494	0.675095683880675	0.336485572943756	0.734137552528357	0.634463043611735	0.690908879097285	0.361459217481207	0.785601890490124	0.934578130841321	0.872075820747922	0.692140973804882	0.83981071629293	0.86018981345402	0.810681544045402	0.737940380803164	0.713320470793297	0.179334393479788	0.225876759184097	0.183817971462567	0.307537509820274	0.253271565869599	0.332868503121656	0.620906126969775	0.282447085198252	0.306134322990261	0.436919106461745	0.647423296233237	0.301779146609765	0.296013696922405	0.63317409799931	0.2565850554429	0.682420004578359	0.814488534667576	0.453035324820587	0.647827848359501	0.513975542238169	0.589598875976483	0.595602013914973	0.221328738300589	0.379213170868299	0.4455535421996	0.434756572520833	0.363737219153734	0.848161095597437	0.839241320259614
Endothelial cells (lymph)(P).z	0.661853869148106	0.719600451665486	0.39874338881865	0.392069667554796	0.293663416940025	0.704444662316391	0.718776532364358	0.734733909068963	0.711869228957075	0.722193570569022	0.507611219828918	0.696051385576556	0.725480493571291	0.608102115962727	0.467233520250143	0.598276109875802	0.421417286985615	0.606866992128224	0.505394282085572	0.43729010041064	0.541404700800069	0.580886028670617	0.336895165724652	0.533943071024439	0.474614251837919	0.266087407984143	0.225262947373078	0.256256293371607	0.432947087291165	0.242280393355893	0.861412548486386	0.517533193359818	0.479514618444085	0.586381704906191	0.559929040928708	0.641755590184897	0.554389155509278	0.249615737617225	0.411296518743301	0.536291285450405	0.426644946509567	0.409776232207616	0.675889726541382	0.771136944220631	0.708552613346707	0.390457328038772	0.384645068542063	0.517564954357626	0.725358660904431	0.659686659193681	0.529065334501343	0.413041988743981	0.158520673765324	0.189075153777777	0.319729138993638	0.474800676074311	0.449045574195819	0.176367368212432	0.474460709913346	0.525604664015273	0.727258346040883	0.645768639637516	0.650233891428143	0.563074284985884	0.309502860915635	0.341525392069926	0.668543517987827	0.670323475558855	0.655866104989248	0.686538026785274	0.588953122328384	0.626527779034753	0.672763113474182	0.399388386002976	0.515209209991799	0.70598137317968	0.249535399214673	0.513399583660179	0.145370623402899	0.592705880255713
Erythrocytes(H).z	0.887005816914216	0.553925121104517	0.840893990307668	0.9054757159458	0.896164947250737	0.796084261691093	0.792428422368493	0.528561898832605	0.819999529070139	0.507611219828918	0.999019783903505	0.753282163878917	0.546724937815574	0.512963582784275	0.701867005154629	0.58979441374957	0.375516167481203	0.524558937398085	0.817740837736674	0.573585030649838	0.50600271094608	0.844965519906962	0.351222008344148	0.453615913374558	0.463718710771549	0.186581495602412	0.276672516048522	0.515535662637022	0.282703409572883	0.2398960855163	0.296900914637891	0.359308030646335	0.238375630806259	0.290352362918721	0.767469591123847	0.527046948757047	0.528449857774483	0.323191743457524	0.85619705686065	0.500262477928759	0.595573319933785	0.267706968084396	0.547711746691841	0.881172082102255	0.504230670404518	0.303893740997541	0.462977144333726	0.385976253818246	0.27350306804904	0.150086072148651	0.202059388184894	0.462093614283518	0.422755979984196	0.353064482064329	0.713153644568955	0.597372388183184	0.428606640503221	0.615882303150856	0.522949772688998	0.452846245114555	0.406930882151774	0.447460464737627	0.504807310375712	0.607148283480787	0.319552514292672	0.692650707009671	0.595926927138495	0.493116876848281	0.358566120113701	0.389341202279843	0.226653841879867	0.382681580507107	0.35909093731587	0.59841192470852	0.399174328670885	0.465390607475328	0.478165842175684	0.591951529197474	0.934039313399779	0.479838934326948
Fibroblasts (Heart)(H).z	0.867554184122525	0.708236220703503	0.6635647043725	0.748989302414998	0.70660655409378	0.841369895362666	0.837520944133746	0.734425140408322	0.848870541873687	0.696051385576556	0.753282163878917	0.927410901467505	0.847906776142334	0.747862713912263	0.646389160189083	0.502860804509205	0.333148446450119	0.757653299776853	0.63798051781433	0.465249228570635	0.581665236160417	0.695570626587913	0.343616010501186	0.552221979337	0.581344116536415	0.300386520102834	0.196694243602971	0.344734958241494	0.347399965294015	0.27205583759742	0.306181331026987	0.402454745320258	0.638719006510403	0.67168869946214	0.808808089907491	0.781580862001256	0.747885493227509	0.250771676946289	0.649474460576622	0.480644506661348	0.689716823373509	0.190842021538819	0.765674637282895	0.888511665573531	0.747766457481903	0.507458271261976	0.693955739321786	0.550873609753967	0.726983017953689	0.764580200837833	0.576693669674597	0.200631565555111	0.144917122608717	0.0735046691067945	0.136041122795111	0.311026702995232	0.125632771362996	0.179626499393015	0.153203519543314	0.211867131263841	0.42254816130239	0.759710019277671	0.408153837427606	0.357648532669396	0.51671938438171	0.236668192210834	0.707843131258933	0.761363778706077	0.7348553671777	0.825899708575766	0.784396610907849	0.784929359865532	0.800263229285523	0.244945759930437	0.593657290325914	0.471808025578694	0.252660161610384	0.313744650170705	0.721388482166494	0.737096968281083
Fibroblasts (Liver)(P).z	0.735900409421408	0.859939832182244	0.370272115527144	0.610398904758467	0.585453538768131	0.743269521639224	0.77868895295563	0.786261025865476	0.764840982848511	0.725480493571291	0.546724937815574	0.847906776142334	0.904675997926387	0.793745336528958	0.418935647876671	0.691936387769931	0.558751732601949	0.830967358191092	0.447806469456994	0.511058672518935	0.440351393933405	0.520774452200071	0.130327816172145	0.417936147933723	0.662526265949615	0.298576265528225	0.206657635740743	0.377753777743327	0.516585198348451	0.355358937440227	0.937813682023338	0.55886641958071	0.711936266284388	0.676748173313012	0.752631240910738	0.851176116977089	0.813875164395814	0.233859479674932	0.442915650695991	0.610513219284603	0.617283466921881	0.330622419380093	0.758170505281769	0.818690298864051	0.660119308100368	0.406462301711806	0.58998277229532	0.399937754609457	0.815210844183945	0.74695377306271	0.573739892544008	0.243601519733783	0.0591121030508102	0.0470868463067537	0.199166971178732	0.291226958139583	0.239011118588569	0.102975107914212	0.289588508143751	0.230817393842857	0.405456428599581	0.627557320233795	0.391848227424137	0.32131599051768	0.296263800821808	0.248076321122226	0.577750016232311	0.837102380415774	0.751950146626049	0.74148331157126	0.714940227161512	0.706096702994246	0.779238077669591	0.201432575175455	0.61196009579848	0.677448348357104	0.209422225337743	0.320435729501754	0.526148008622156	0.681411414554695
Fibroblasts (Pancreas)(P).z	0.555385620258547	0.711878927988403	0.343513580637522	0.582505392215119	0.569796528040037	0.603232798682787	0.613816555641421	0.668388563864042	0.632317251104078	0.608102115962727	0.512963582784275	0.747862713912263	0.793745336528958	0.773019307869089	0.378665254192135	0.555873739444554	0.492120830563	0.672192300575337	0.393087295660945	0.409748903293121	0.437880194656406	0.452815345730562	0.246086130420361	0.425806879912327	0.520590689146677	0.278145569392285	0.208460969508098	0.290776871539696	0.502776349389598	0.2284865049685	0.897112093174033	0.586669641322413	0.523118767897747	0.619330180916315	0.6029888593267	0.66880225035849	0.649190853452584	0.264575774022586	0.377709948979847	0.506344573092611	0.425305770295328	0.367310383473036	0.666107142038339	0.720044554498037	0.374921596524913	0.194972470613377	0.333140130310448	0.156504186899496	0.389185617098772	0.683283977080109	0.217049323189618	0.429537890774582	0.0616654225521206	0.0798621115167702	0.132784003430661	0.571862758723903	0.141217485802283	0.0981296152914536	0.224315895727406	0.390122895641795	0.625425664626998	0.743575210426954	0.763236604848235	0.641274458667787	0.24086685201199	0.345581628283356	0.655749861624042	0.479945789501229	0.918432213809044	0.862193899976178	0.807726256929729	0.82083731028694	0.897299343295067	0.464580377398951	0.628879654877997	0.711021589852876	0.237336971250766	0.371389407255026	0.223911512344485	0.40908327353173
Granulocytes(H).z	0.932866046156049	0.857589469993092	0.943036068370363	0.46760762659742	0.300316881635967	0.727231126398647	0.613396411253354	0.429412066648901	0.782784899922284	0.467233520250143	0.701867005154629	0.646389160189083	0.418935647876671	0.378665254192135	0.979508196721312	0.922515368852459	0.373689334559599	0.516961499865074	0.91694792482928	0.850306272588654	0.871335968666119	0.933683849173589	0.133827445764631	0.215556790665103	0.578536041465767	0.125148261733081	0.355304155539639	0.240563627326938	0.120981006968685	0.326917686587236	0.36591139710534	0.35365041632779	0.380405989132108	0.0708927028308144	0.619503626447612	0.359523885458604	0.312785028243708	0.281455772450187	0.920176293286984	0.913421977113768	0.621157786885246	0.325852371733427	0.3526959091721	0.613146955001041	0.885710815054721	0.665113937699477	0.816932069601256	0.839996786195596	0.818384412244865	0.527913203392471	0.692069535062229	0.709985622135734	0.336331457886153	0.276007319532631	0.873219384002536	0.411328811273501	0.984446061003908	0.553567000179	0.919815039077186	0.869808626065508	0.730390733368749	0.303524804646091	0.399882893271789	0.419230404320778	0.538062923401089	0.543486787921915	0.336178879591305	0.76036050346913	0.299296768302365	0.279547415561519	0.365116137704624	0.306824603902159	0.366594885349307	0.469191688826643	0.575009975536628	0.437856328100989	0.564838397841236	0.861663425616148	0.443565412756987	0.803982139157356
Granulocytes(P).z	0.859639176831837	0.876046045482116	0.890918548201821	0.357265515592032	0.173557704437056	0.568811258565357	0.55790447129255	0.651373619110336	0.660129137263329	0.598276109875802	0.58979441374957	0.502860804509205	0.691936387769931	0.555873739444554	0.922515368852459	0.911372950819672	0.619308059262421	0.605787985731633	0.863704796351751	0.827594067146652	0.831187351202151	0.889288978653143	0.2244239280601	0.189143105039835	0.645267512742802	0.164246317653603	0.291722678311497	0.198291687031824	0.304667470813111	0.425138112382757	0.916952536913671	0.682122968580052	0.495366442948442	0.124941443282278	0.54780908615408	0.485509145127115	0.446264599214507	0.203391906467124	0.865584131103492	0.889310836966406	0.464658075872215	0.317671677244606	0.325728820475625	0.500346498244163	0.473529510489052	0.283312597453499	0.452347600093286	0.424254527377712	0.710697790924082	0.466627598125867	0.519723217875614	0.77006672682944	0.236945501597444	0.251744722018785	0.792045494786054	0.463442216577869	0.972527372495153	0.494434326474142	0.936320266082429	0.897260357908067	0.587268672627196	0.314692783956	0.536946597280574	0.52932876036943	0.300820717070591	0.438527989256205	0.261567123895968	0.618119695795669	0.45538789264398	0.249218904005626	0.368540544798877	0.31323314146587	0.470107583205299	0.408802920250314	0.353562152254658	0.369300691669882	0.480048912907248	0.812148722193796	0.234663293547123	0.47022016831377
Hepatocytes A(P).z	0.155340688736395	0.646553650506041	0.225436698548944	0.512962885682947	0.604322514476993	0.228144394085713	0.106187175426438	0.416285197289104	0.271963319269319	0.421417286985615	0.375516167481203	0.333148446450119	0.558751732601949	0.492120830563	0.373689334559599	0.619308059262421	0.876948281969536	0.487955555774218	0.328073734511341	0.470819572284151	0.166357562913138	0.286843942183433	0.0319905631929335	0.147531322065728	0.560803693599296	0.408845685534418	0.367375992616673	0.255749379492398	0.389540727823279	0.363487938884973	0.945057611559813	0.861253017844977	0.277086438997119	0.265472264906663	0.244596534855224	0.287447150131374	0.284206522154712	0.374295196006323	0.180821543476414	0.502407182071215	0.200668206218153	0.492764723186242	0.243303484114625	0.296511325487186	0.248846106599109	0.116549909553171	0.191529223210705	0.144693199728982	0.22294384662163	0.450861090463978	0.106728772473759	0.809838477446015	0.0785420963546287	0.128428274252803	0.59978246136346	0.918679214431094	0.771277375180818	0.0985426624435894	0.63430574731065	0.768067028716029	0.66489031633147	0.553372105654394	0.851308090491736	0.883157154433333	0.0572705743746927	0.774214884961622	0.323300109603332	0.324946920071692	0.92010042219028	0.694898993744423	0.717494235479379	0.610283868571694	0.800651099089376	0.818874187354243	0.737553392821285	0.308814718657872	0.212486016836174	0.671459164608103	0.169045205998535	0.330131828466169
Hepatocytes B(P).z	0.773134640435799	0.845841157761621	0.495165277109722	0.527313194236788	0.441040213199278	0.690642452968842	0.689315627197233	0.711194573683642	0.713742260602164	0.606866992128224	0.524558937398085	0.757653299776853	0.830967358191092	0.672192300575337	0.516961499865074	0.605787985731633	0.487955555774218	0.819650205761317	0.51400467634503	0.480643103803416	0.555757579640414	0.547214027719623	0.249349361894569	0.543329426631308	0.599569695162016	0.296439475023012	0.199498326335471	0.352533142612478	0.51338600622457	0.312315060059994	0.911576830786979	0.533579758030595	0.621410066207636	0.553637977114562	0.671818085417773	0.773176146563256	0.706770644584572	0.254953888123416	0.473735394908767	0.631123415189857	0.499735280151947	0.410462752954007	0.723632619124615	0.764175757460172	0.872363893780139	0.60522566463189	0.821807659089898	0.68668298890955	0.902690812487312	0.77627192881789	0.752676918603851	0.282017489855442	0.114323769660489	0.0530423045924087	0.297729008813296	0.289593484742507	0.488368396136349	0.258555593936875	0.348811023000599	0.238914194044791	0.352886514128032	0.552850137611476	0.319722487734921	0.288949113635052	0.335226722330317	0.311542115513938	0.654544952507179	0.897032737889312	0.631364299558701	0.649353524233336	0.578964398468351	0.616238542814913	0.676558907518697	0.192961713327689	0.600500923023924	0.649873451044893	0.39668550486621	0.444049718652893	0.545295156821274	0.843096102339095
Macrophages(H).z	0.884686314629815	0.830814084492408	0.916136015799144	0.510341919928558	0.281677314060325	0.68359467239081	0.643862268231611	0.528816522567131	0.731517182747976	0.505394282085572	0.817740837736674	0.63798051781433	0.447806469456994	0.393087295660945	0.91694792482928	0.863704796351751	0.328073734511341	0.51400467634503	0.925868265774856	0.857576890387299	0.872109784927636	0.936154406348645	0.319732326406478	0.390296459245417	0.544225002245031	0.255945021836303	0.424290186420498	0.37496361588346	0.231001573391388	0.328315695937926	0.142940383803309	0.449445048043635	0.38850712832501	0.14226237948029	0.602206855896108	0.348901528038244	0.317682037272651	0.381148264287325	0.870651092934435	0.883212038076504	0.519953823829018	0.359091749571393	0.512982651139794	0.666033272232971	0.636630985781563	0.568612304454752	0.625374076624035	0.621523970150365	0.668437814802885	0.313983570962199	0.621828835319266	0.799909621862038	0.342275866705512	0.406441097717718	0.900513013311599	0.642773131033503	0.978777425394923	0.480415300998143	0.907986219456583	0.906509591192785	0.758920052120433	0.304300017662577	0.4940829797503	0.592115530531705	0.351476387774629	0.744210558793607	0.593603139279986	0.485694465738075	0.23766026063768	0.194754786084801	0.209980644306119	0.198702900432779	0.30045691398652	0.645490775124227	0.357190250897033	0.388422260259062	0.641037906332238	0.879367185956433	0.234778068528898	0.510843217931443
Macrophages(P).z	0.763194658109136	0.818949285007003	0.839742327023913	0.188088045413473	0.110659874046945	0.473797437544781	0.443543331613701	0.475836476522155	0.546171006668733	0.43729010041064	0.573585030649838	0.465249228570635	0.511058672518935	0.409748903293121	0.850306272588654	0.827594067146652	0.470819572284151	0.480643103803416	0.857576890387299	0.817461261047042	0.811144740372208	0.861978393744403	0.141850944683784	0.208859086242807	0.476634874732202	0.195374865291627	0.300734936474986	0.248368013351242	0.302652792647741	0.265168628383466	0.831873174076845	0.602597502425038	0.336206554908255	0.112421357885016	0.401050365437715	0.345251817344058	0.27426423647457	0.259648570811259	0.785458950081878	0.842988588039102	0.312996175643007	0.382086812972066	0.380836659999943	0.477416270778589	0.437165907390741	0.303029078808141	0.408244757289268	0.413872926771249	0.579830292866661	0.414812493317292	0.457335298065508	0.842575055829094	0.16519232650302	0.254788358142321	0.843374711514558	0.736093355367778	0.961844386375904	0.179844380401951	0.908701407225297	0.929040826987435	0.823890484020874	0.396846528440101	0.717180789659512	0.710238677849524	0.168673763178137	0.717818981263058	0.496754187355556	0.373801441071331	0.494914433405094	0.37126966632683	0.395564744823996	0.387104146332431	0.522488903875066	0.677479413114766	0.529844045263386	0.444075933085454	0.432656714016511	0.888827049069539	0.0484854700012615	0.344467137936844
Microglia(B).z	0.817833496071653	0.741472488478192	0.861580493044172	0.243153785721188	0.0868700462575661	0.60727540684728	0.654320255602805	0.546058748687874	0.687521279915405	0.541404700800069	0.50600271094608	0.581665236160417	0.440351393933405	0.437880194656406	0.871335968666119	0.831187351202151	0.166357562913138	0.555757579640414	0.872109784927636	0.811144740372208	0.910223144784639	0.884083271969421	0.907533696316032	0.799202397945748	0.47426056236656	0.403337490764132	0.455375361511993	0.511821131673916	0.544573258227806	0.420347483977154	0.133907686320764	0.236910183555847	0.438944067526026	0.569492781819066	0.493394132998814	0.331541048276293	0.328297263236545	0.486613690675743	0.823013033733288	0.843007562447154	0.402686157276194	0.368185217997364	0.761716400757503	0.43820637272737	0.727517464397045	0.835972599259464	0.684355882907014	0.750951119939781	0.764143087564194	0.35359426371066	0.850039422998982	0.569060396658354	0.81184774936868	0.774667227866071	0.850725796709681	0.372752906294882	0.951816672729705	0.796114856244604	0.857256897659561	0.763483930316703	0.512401394134777	0.161990781931997	0.289104000671513	0.32192557494283	0.723961125096186	0.552868359193295	0.478539171666268	0.679580921431901	0.169298298103978	0.135272839369833	0.202431226052917	0.187740007798277	0.229844291041334	0.426130072871097	0.28171269451185	0.318941644055508	0.747946417734892	0.743008776479513	0.369544233644139	0.695001141580558
Monocytes(H).z	0.924524665981501	0.873458376156218	0.939072883229846	0.633843574365045	0.430149415656303	0.762752387375814	0.712032272591368	0.605525870499369	0.799661637680353	0.580886028670617	0.844965519906962	0.695570626587913	0.520774452200071	0.452815345730562	0.933683849173589	0.889288978653143	0.286843942183433	0.547214027719623	0.936154406348645	0.861978393744403	0.884083271969421	0.969167523124358	0.373507944024597	0.358367042054241	0.640458293029442	0.255636329819629	0.448871232296614	0.395513119900358	0.165172780781459	0.367353272892327	0.134356367577541	0.347079255304662	0.3582763105717	0.141439484232292	0.673291421217833	0.44978058473937	0.387281616826063	0.39410207075842	0.903949517054516	0.90330623037673	0.566731988035945	0.350083330784999	0.549720470157002	0.71617918259184	0.509333391400001	0.515548198304752	0.53719135133514	0.608374775508429	0.592320644427679	0.239898359295271	0.560430510703716	0.768651035272454	0.364738295899248	0.340784391405333	0.916379436814334	0.574095852228626	0.974514913458035	0.504197733714757	0.912353898550091	0.905367300120602	0.7341450280336	0.316535369094948	0.449136461934685	0.532514829716584	0.386408333768682	0.692723384317756	0.627967510967085	0.520856133347925	0.201892332868363	0.177514627511756	0.227891182838462	0.174994374523893	0.232287340445894	0.613750001087671	0.288120822723077	0.316383012457206	0.571864486870814	0.883346432098019	0.446249912420661	0.471903287287346
Neurons (CNS)(B).z	0.215153166817865	0.104375890199861	0.270059039099934	0.401853458301217	0.19397280617198	0.420055176538066	0.559647000913453	0.283516393374264	0.440834791947728	0.336895165724652	0.351222008344148	0.343616010501186	0.130327816172145	0.246086130420361	0.133827445764631	0.2244239280601	0.0319905631929335	0.249349361894569	0.319732326406478	0.141850944683784	0.907533696316032	0.373507944024597	0.9995864217424	0.94294356740016	0.228046472375608	0.836814129858465	0.839951235911564	0.87458437543692	0.88751892578068	0.8286580803936	0.00691361674773649	0.199216283793515	0.62317836979461	0.915738956465799	0.400678974862594	0.229940306885	0.235666817916624	0.862121647645209	0.337133255347081	0.206563704801136	0.413684936827057	0.790282190859998	0.898430733270582	0.164352300061987	0.738498862595952	0.978503686942836	0.763810439704082	0.897501111481338	0.548471154696152	0.311408973029523	0.956130233768809	0.345148592358863	0.996215544041374	0.984597699435458	0.470510985159397	0.241890324093565	0.695168984401774	0.990227931358022	0.591367826439015	0.443422218436348	0.353828591840776	0.273558197536746	0.23877943419942	0.228864467021945	0.9695676852844	0.279414616534159	0.485270803474352	0.614043816886758	0.079742667173705	0.168059772891454	0.234860501737134	0.261836087163809	0.0597450861774694	0.276818314039452	0.0878685778025922	0.515520101562869	0.956942810640466	0.254904378767298	0.683689606882029	0.745011666299669
Oligodendrocytes(B).z	0.29823613854904	0.211033238765145	0.308827295131891	0.357948778762468	0.144552898003665	0.550269156732262	0.561870962719228	0.5008816014034	0.571937375270783	0.533943071024439	0.453615913374558	0.552221979337	0.417936147933723	0.425806879912327	0.215556790665103	0.189143105039835	0.147531322065728	0.543329426631308	0.390296459245417	0.208859086242807	0.799202397945748	0.358367042054241	0.94294356740016	0.908155149019791	0.324591183921283	0.709338290209274	0.705211098343151	0.768511697004879	0.787168165567213	0.670968875790448	0.059553350018538	0.160579335848904	0.65315146241326	0.870442422829802	0.493565074485438	0.450555381241632	0.449375705020309	0.731732777925517	0.343631417475988	0.20897730131792	0.484356350031852	0.673013289827271	0.827218379173682	0.329406296173138	0.800103717769528	0.926810442288439	0.670820518239067	0.796352773939311	0.61547144860447	0.466182666266332	0.916921585816266	0.389972889922986	0.940390923147655	0.92460206697219	0.524631058763711	0.258588819512935	0.759944045708757	0.928720691722104	0.634206661413431	0.482626918782349	0.369043299948496	0.246998714023832	0.284124217286028	0.258808817205263	0.915270528153314	0.404739709689164	0.650812567164737	0.628027558121608	0.126100537124449	0.246043949538672	0.305669164922476	0.329186833232615	0.137031178420605	0.254328963649226	0.256130508324199	0.429829707219511	0.869534500516413	0.31164373717484	0.609463508536491	0.724625337656557
Pancreas duct epithelial cells(P).z	0.747148109243698	0.800755131189166	0.616735116619837	0.422213262222737	0.265846607911189	0.568275462962963	0.489692947471446	0.570071401654441	0.636631273375199	0.474614251837919	0.463718710771549	0.581344116536415	0.662526265949615	0.520590689146677	0.578536041465767	0.645267512742802	0.560803693599296	0.599569695162016	0.544225002245031	0.476634874732202	0.47426056236656	0.640458293029442	0.228046472375608	0.324591183921283	0.825798319327731	0.411592397785026	0.419400273526191	0.415930492176512	0.560702496108757	0.41215261160938	0.875675812015433	0.702607657079568	0.511749523433199	0.469369157943996	0.530894689533094	0.587855204648137	0.510188815515669	0.446811999844661	0.558310535813071	0.66808035850421	0.403125673346262	0.726289203895144	0.502595530508043	0.65523046139156	0.708627768526508	0.354077061900375	0.528858777974364	0.561352839603093	0.701720372811277	0.682900944358326	0.43904771565817	0.449296662287922	0.133419397092121	0.162010548335808	0.228968917681522	0.576955343501249	0.370920351147511	0.389935636675052	0.43557347701379	0.583295198575598	0.389620368608598	0.513615196250143	0.591200366123248	0.596496052376451	0.181276620743047	0.372224019104044	0.564931670481314	0.609985998602804	0.75962065151759	0.637344215972688	0.609942449561339	0.599016102296588	0.726778718677282	0.453634730001605	0.52388133597388	0.596969839491441	0.366798760389676	0.374463535414166	0.401572303224078	0.598136133797994
Pancreas endocrine cells (alpha)(P).z	0.201843421244446	0.386395727764118	0.260207614841774	0.250660607977896	0.253746599480327	0.331432278891272	0.197263565904668	0.339779550255017	0.312248530495431	0.266087407984143	0.186581495602412	0.300386520102834	0.298576265528225	0.278145569392285	0.125148261733081	0.164246317653603	0.408845685534418	0.296439475023012	0.255945021836303	0.195374865291627	0.403337490764132	0.255636329819629	0.836814129858465	0.709338290209274	0.411592397785026	0.762481811303184	0.735135768555746	0.72690875859318	0.763451002125709	0.647719170721576	0.351848735593945	0.598668580435031	0.472308456410283	0.484499727624915	0.27179786628247	0.372223536401235	0.349282830828295	0.751386871936324	0.167563148483652	0.347682853034062	0.240541060563324	0.896208923650625	0.473813857387651	0.274363816705051	0.184135822851586	0.490369845523679	0.191729699324974	0.312815444886229	0.160529492820844	0.372063594242671	0.35574918822447	0.811712282020507	0.680328530366585	0.778088954675236	0.382266900114817	0.853435462180286	0.435557153954126	0.772419077544502	0.298498137530724	0.647626808688707	0.635741466616089	0.51539773876902	0.833606411445396	0.860877016962351	0.387076882871114	0.654779064001133	0.246802949256327	0.10509001645345	0.671800832876128	0.49558920955028	0.579894477444652	0.512047279928149	0.578049084595884	0.833743412689666	0.538460468782331	0.503399330602559	0.712992443113766	0.324276537924407	0.0759015854398598	0.15668657557148
