Chondrocytes A.lz	Chondrocytes B.lz	Chondrocytes C.lz	Chondrocytes D.lz	Cone cells.lz	Corneal cells.lz	Endothelial cells.lz	Epidermal cells A.lz	Epidermal cells B.lz	Epidermal cells C.lz	Epidermal cells D.lz	Epidermal precursors.lz	Epithelial cells (Fin).lz	Epithelial cells (Mucosa).lz	Epithelial cells (other).lz	Epithelial cells (Otic vesicle).lz	Erythrocytes A.lz	Erythrocytes B.lz	Fibroblasts A.lz	Fibroblasts B (Fin).lz	Fibroblasts C.lz	Fibroblasts D.lz	Glial cells (Peripheral).lz	Hepatocytes A.lz	Hepatocytes B.lz	Hepatocytes C.lz	Inner ear cells.lz	Intestinal cells A.lz	Intestinal cells B (Exocrine).lz	Keratinocytes A.lz	Keratinocytes B.lz	Kidney cells.lz	Lens cells A.lz	Lens cells B.lz	Lymphocytes A.lz	Lymphocytes B.lz	Macrophages.lz	Muscle cells (Pectoral fin).lz	Nephric duct cells.lz	Neuromast cells.lz	Neuronal precursors A.lz	Neuronal precursors B.lz	Neurons A (Brain).lz	Neurons B (Proliferating).lz	Neurons C (Spinal cord).lz	Neurons D (Brain).lz	Neutrophils.lz	Olfactory receptor cells.lz	Oligodendrocytes.lz	Osteoblasts.lz	Pancreas exocrine cells.lz	Pigment cells (Iridophores).lz	Pigment cells (Melanocytes).lz	Pigment cells (Xantophores).lz	Radial glia A.lz	Radial glia B.lz	Retinal cells A.lz	Retinal cells B.lz	Retinal pigment epithelial cells.lz	Rod cells.lz	Satellite cells.lz	Skeletal muscle cells A.lz	Skeletal muscle cells B.lz	Skeletal muscle cells C.lz	Skeletal muscle cells D.lz	Skeletal muscle cells E (slow).lz	Smooth muscle B.lz	Smooth muscle cells A (Vasculature).lz	Undifferentiated mesodermal cells.lz	Ciona10	Ciona11	Ciona12	Ciona13	Ciona14	Ciona15	Ciona16	Ciona17	Ciona18	Ciona19	Ciona1	Ciona20	Ciona21	Ciona22	Ciona23	Ciona24	Ciona25	Ciona26	Ciona27	Ciona28	Ciona29	Ciona2	Ciona30	Ciona31	Ciona32	Ciona33	Ciona34	Ciona35	Ciona36	Ciona3	Ciona4	Ciona5	Ciona6	Ciona7	Ciona8	Ciona9
Chondrocytes A.lz	0.883539896309476	0.881985479662171	0.783206132004781	0.767100822309585	0.266937668873045	0.713975462000972	0.720611965947533	0.271261466891136	0.254388833454489	0.267473674449354	0.336395631142755	0.194029811744414	0.586618527052145	0.337568119222884	0.458138472718965	0.742741942328482	0.360283647784784	0.275572317879576	0.863273274649412	0.792401083449679	0.759710659976911	0.84576908125588	0.531903712215521	0.311951399740951	0.202847740312216	0.331046079755929	0.34777559792475	0.251043102200966	0.317840797161244	0.540684909899854	0.578117096387615	0.285347320784959	0.419550045857827	0.458008898038977	0.339835475938137	0.25217011784051	0.305446094014998	0.578616306725759	0.77111497749192	0.145896301200476	0.607784056528019	0.713423695005544	0.3844675268356	0.543346224367987	0.338905349587145	0.350952451543293	0.347623153932584	0.197647221047009	0.361313064119586	0.841246344593681	0.341585136768846	0.5766892455061	0.432473796991558	0.517442559034303	0.693575945993539	0.727734294531617	0.334125787314899	0.362992643678434	0.437621120814888	0.261625691986959	0.595025451761456	0.52640045222041	0.293405471108852	0.5245180861868	0.341811167935634	0.525349287426855	0.704073378253427	0.820840824760221	0.906867105470084	0.480002131549574	0.168829231442087	0.257756170822424	0.293574073589633	0.536324992611468	0.690573166140899	0.300814989798991	0.388913364286793	0.151697318417324	0.140415138733327	0.224408045288653	0.489371114521539	0.224112219728799	0.143938658945627	0.261550823740544	0.342872747423419	0.550586721904145	0.767366248728919	0.64605328249855	0.549827846797167	0.311386270345306	0.333219752101876	0.497101564006152	0.486339101593734	0.713015115565334	0.781845396304371	0.720022745351029	0.740954438673108	0.756075366607013	0.400644389774827	0.589472297813012	0.562610726768027	0.210061371573609	0.394450772148599	0.34295114691096	0.303936724360932
Chondrocytes B.lz	0.881985479662171	0.994494130799329	0.89190845138783	0.732153232261992	0.759253215827217	0.547341031847951	0.648264151383099	0.498590537062829	0.401597948460053	0.417887715785567	0.666354426322271	0.373389708436167	0.633940052291291	0.586786445252491	0.668917900139446	0.807602844239519	0.217447769019133	0.505906652123459	0.806136965906002	0.78148413098015	0.637236718844712	0.804260249540908	0.841028568937161	0.511687234086018	0.321857175113356	0.578671951478619	0.645269631124462	0.331939924343033	0.460235015370086	0.553479878116304	0.776475980574573	0.530315963615811	0.719109269131344	0.522586894786621	0.158918032097057	0.283040385107258	0.301422069117786	0.147248466998219	0.769279830900912	0.345243647220063	0.318935098959948	0.714228335447135	0.524205648412005	0.17498695326626	0.607869111707292	0.513903235640575	0.528914131703024	0.484115736908241	0.7050313929156	0.858222318415061	0.517957896138365	0.474775173769949	0.675636381822121	0.695155762064942	0.720700364340209	0.813618658377187	0.645146408339799	0.663113382643542	0.673626440978602	0.432891727924909	0.363206558590936	0.452312394274317	0.534036855070576	0.69825695954176	0.652856128434847	0.673237616089982	0.782018248536463	0.81361211965928	0.908385226307842	0.87208729345914	0.702341999816904	0.654523522133771	0.778854580016066	0.687606336939927	0.38510929128165	0.751285553617019	0.279977195039969	0.708208332868093	0.699076793103031	0.495541668914954	0.204506252756099	0.571331997056639	0.796314914315621	0.419388891615946	0.319007277114345	0.294238605121126	0.402697798538604	0.176302819304237	0.25404891087177	0.752906302245951	0.286094670866967	0.7577488951145	0.848247045558936	0.337228030886933	0.403153265770251	0.372899278513559	0.416087671838067	0.435797746868561	0.234054932005598	0.295474565652702	0.413643279161185	0.672727397384584	0.374472614646753	0.759816506905735	0.719425352292586
Chondrocytes C.lz	0.783206132004781	0.89190845138783	0.774512541682409	0.641619635106113	0.390139428132349	0.459212839003236	0.348130151582322	0.430432544949417	0.325142620858918	0.393416837666306	0.454662470405487	0.298820868838446	0.436986664227273	0.494582670838565	0.567579645856705	0.599915076275255	0.185374089666928	0.16706265012486	0.750601625920143	0.676775403790025	0.5425741518964	0.67838821475123	0.413099210854458	0.509848315239516	0.417389153958593	0.563109825175495	0.426240131195329	0.380201143314402	0.300372348294402	0.455124588347437	0.591865633912355	0.379187778293542	0.384205006438164	0.483108097723766	0.251105774276956	0.322353674850683	0.257801694553646	0.367499381586409	0.553387149862895	0.226350444329888	0.388734463713931	0.539015376823977	0.334372516364961	0.320367231049184	0.285888725742313	0.362244455706506	0.358842898098485	0.280992821591077	0.338117086941662	0.768137628920097	0.666335260718287	0.325349231550432	0.371011808121331	0.458122472489295	0.490150864136582	0.567011244445294	0.303507197864258	0.340694694377588	0.37090625258188	0.301196902606455	0.407232507348738	0.488165043209874	0.635910725360013	0.54642643639759	0.710168468929341	0.515082591106214	0.49632044943082	0.606570565054332	0.785942993685687	0.43093958357286	0.158474057882441	0.199175608370294	0.370295972063139	0.469864946780445	0.571712757933619	0.303003063600162	0.823863630758261	0.233960458845373	0.269056091777012	0.316227727154082	0.698392874490036	0.569100317487574	0.206207703837044	0.261733840454273	0.481917422345534	0.646668017439421	0.743627038770332	0.719663100980344	0.739457821254458	0.328854180423949	0.515804627939061	0.43662804780137	0.417360141362225	0.695655098437895	0.726224378889012	0.702638153634849	0.690498400458163	0.735665353292829	0.633099912567759	0.554515724852525	0.505134089213922	0.268370644153977	0.437217883523138	0.203874682746056	0.212347642491483
Chondrocytes D.lz	0.767100822309585	0.732153232261992	0.641619635106113	0.902561247216036	0.353214986638535	0.52476758102513	0.504258233466226	0.422825014654152	0.315301004027168	0.434239946585911	0.450308572927715	0.304930148588698	0.512179394789661	0.367949139109145	0.313156447465886	0.552286379310559	0.376378135117194	0.346624330219797	0.753308658833487	0.638042594215854	0.614188749531547	0.657084516879777	0.376711777968646	0.410444092911434	0.367379601375878	0.623515219005197	0.236729769858946	0.379602262679127	0.37463969367565	0.539567145151657	0.657037058003652	0.458124536005939	0.438238576775726	0.453832723214909	0.427699316607899	0.336715172438004	0.28969762568205	0.562803568862417	0.626275678511113	0.318716403775865	0.545877947242422	0.649956597013888	0.168079680193436	0.459396061683961	0.219159270499681	0.204406143938626	0.341237700014583	0.172745298691476	0.368596247946833	0.685523108405161	0.458275983997357	0.411508488386416	0.33905747477808	0.54579810443059	0.506991783775906	0.767194393338819	0.237513744668548	0.41412128020536	0.45100210873808	0.252816740199343	0.495193382916889	0.437304290276013	0.631875150537954	0.516796990683764	0.745379518312611	0.490042087082033	0.534666265551168	0.641527049050526	0.739598177469356	0.305761260207128	0.141757041313211	0.21759906684539	0.223463183491108	0.396562606201526	0.571103610592644	0.189811144330396	0.577847382927656	0.144549545355635	0.194185197556715	0.311606993344785	0.61281089511817	0.324274415598457	0.147187170053359	0.363508880045646	0.481204732971512	0.639279738183207	0.76851016339498	0.779522228876805	0.680081120984116	0.228840791487924	0.473849694738417	0.536757277419374	0.385476328352957	0.829881734848882	0.785014698506548	0.775199848781197	0.708661433238846	0.877977318847156	0.586711136789085	0.723100799268823	0.685864249736965	0.322277430173983	0.476607218611275	0.272457361841917	0.262215210375674
Cone cells.lz	0.266937668873045	0.759253215827217	0.390139428132349	0.353214986638535	0.997414400424909	0.178759498508916	0.344601134109535	0.522428302822252	0.405352461356926	0.474386950382819	0.645108158923833	0.596969427147735	0.182917664595305	0.545128542876201	0.648222380202082	0.579671869653422	0.348716235871932	0.770827217456459	0.255510300861001	0.314308147838203	0.148787594775222	0.414872802864622	0.686550821596431	0.571151699708538	0.411306913936525	0.631390031866271	0.898910006538733	0.415978783992695	0.450535533252454	0.136291503486182	0.367672599783031	0.568249510345305	0.844013162837528	0.658053533358426	0.082263677754398	0.193645325906636	0.174330109876831	0.147247023415597	0.45247793327968	0.593072511778604	0.328046359618062	0.737424773041565	0.822584337225999	0.254589988374597	0.908296186629896	0.879758371285488	0.376286305387757	0.923834884886111	0.764471220131322	0.364553358357732	0.686728032203153	0.348145344348765	0.706009745704895	0.551722322105553	0.665796519569498	0.815264140708733	0.912371218271925	0.928843953490551	0.840531750228603	0.943431774653142	0.124775033858086	0.604769140386181	0.687951310605161	0.734221353349132	0.681870310243633	0.759089753246308	0.635333260036347	0.411847000417979	0.34427888391242	0.790741337446485	0.937016046081472	0.774591543956105	0.854999743869512	0.610534518980879	0.270360006245502	0.885886060032563	0.323423691187442	0.931215583142297	0.924888052645144	0.678353665354347	0.217632569420907	0.685059721367855	0.943467652071805	0.555931028393836	0.365164436820958	0.355054999868657	0.26303104645772	0.166108042185509	0.199141513870135	0.884731225540525	0.446242647252572	0.793891567109403	0.800937341381568	0.343385597891349	0.249028285938818	0.335931661603408	0.347732974422255	0.321642892061136	0.268317017708517	0.321036493598822	0.535172894304531	0.939448312563063	0.447401655402808	0.840708753023086	0.776652410799061
Corneal cells.lz	0.713975462000972	0.547341031847951	0.459212839003236	0.52476758102513	0.178759498508916	0.64418417464724	0.55052511641223	0.122888964313229	0.196769712494627	0.254735619529174	0.100907078479733	0.190586176722289	0.373598363749213	0.224068623471101	0.302328816985751	0.528094900738606	0.698043167203587	0.342324535888603	0.714196345829433	0.63808914905977	0.545739514107468	0.645706152717755	0.265150677252391	0.24236291639395	0.224558229585073	0.147432368968967	0.262437447042773	0.213978682802255	0.258124396356286	0.30928541664059	0.203787705944627	0.269126078401861	0.200517345024219	0.400296684932589	0.591556003511413	0.472733951354475	0.394654290922643	0.836193750672859	0.553781243033541	0.336405757445028	0.743414196009078	0.58029104336573	0.516340914838402	0.729072066275005	0.248543013948496	0.53288900236669	0.429523895982402	0.300491154294725	0.164318596612616	0.60253963566917	0.162547946971974	0.486233564779706	0.285612003376214	0.341671293279406	0.412775554531949	0.559043393726684	0.302206813756798	0.338478514862687	0.267328292938626	0.543926687588167	0.499863088172532	0.558560156086276	0.111186321040859	0.295577500366188	0.0583786351378129	0.318330204284934	0.537033690884899	0.694099570240071	0.77812844655927	0.174679084033076	0.0655547795811993	0.130504553711814	0.133369135065829	0.334281766248518	0.752673580326029	0.144853438425717	0.522426082428498	0.0667838878495074	0.0679778306763697	0.193029668398591	0.575169445900943	0.144037784053065	0.0778184627244694	0.581914474752007	0.542492102774795	0.738645332096043	0.814353785287263	0.858215345707933	0.677042612626122	0.20707777346359	0.350096908714607	0.240541854904053	0.207743913042508	0.803069269490043	0.899464907632413	0.797339771720558	0.88307221271367	0.802485089585316	0.495868011204175	0.745267544352436	0.758034389178812	0.168407825774588	0.554151384094548	0.124702442663671	0.135103997087283
Endothelial cells.lz	0.720611965947533	0.648264151383099	0.348130151582322	0.504258233466226	0.344601134109535	0.55052511641223	0.847479302188054	0.390236510442153	0.331149285586248	0.485730282241941	0.369108940360496	0.328402442587753	0.441659931524445	0.479938206607583	0.592955236739238	0.603957829178087	0.393721231718974	0.464938248547199	0.73082102841467	0.575576616352871	0.568709560874767	0.807130178807528	0.715576857745976	0.173163933499976	0.190655388899516	0.257054973445601	0.37003181994989	0.303767838683091	0.48975051569717	0.262579785216662	0.321498997642772	0.474891986243605	0.25226744992304	0.239594043657994	0.407359764506846	0.435160485150461	0.631616333150355	0.367491016162583	0.69228787318971	0.448936115281847	0.491958802513689	0.577502307040173	0.528368413487789	0.429446102319261	0.532851072937207	0.513019142692075	0.708827533822518	0.561392572603305	0.605159964298157	0.67563698419143	0.221453018847694	0.617516263671473	0.644501645194743	0.579739891774417	0.594072849813347	0.622931734084027	0.365595722733062	0.59886194830128	0.558268523676903	0.390665509225446	0.374550394879914	0.285192849898214	0.146296241703376	0.401188950649486	0.147768607300665	0.440127395051765	0.73952626215057	0.819066361040574	0.795435496703669	0.837150928938497	0.586665069228963	0.587398545261464	0.768592703561892	0.86769478080815	0.708635681597733	0.747814071743185	0.361442992923121	0.318306270358777	0.277125328893803	0.483674955685147	0.30394332434185	0.585527863134165	0.357469695852743	0.657433435245289	0.596118672723139	0.656098348818509	0.613085052303816	0.49408020053834	0.410072888467171	0.589634061015171	0.311331836637245	0.500917704888352	0.699742122694805	0.494184834207212	0.571170461934653	0.475872950822067	0.547546136855141	0.657176489446264	0.33103388799391	0.497589981537972	0.550685217208886	0.426463857536371	0.652348325492231	0.317836067517825	0.714575665955417
Epidermal cells A.lz	0.271261466891136	0.498590537062829	0.430432544949417	0.422825014654152	0.522428302822252	0.122888964313229	0.390236510442153	0.9511105848635	0.827639859812461	0.933328529019511	0.92166413086493	0.830047581875263	0.738908567469512	0.931224544964189	0.862912799049733	0.401317303346943	0.405202788488138	0.762770070972671	0.254964653080302	0.367829070018823	0.251179572225154	0.495797041854998	0.411190430114252	0.76631659628139	0.748830801101546	0.831691154761263	0.67594262942662	0.844303694686497	0.798067829892013	0.719396244884966	0.817082728154218	0.856793872443854	0.522369787114317	0.498176290539504	0.410050304477808	0.688335116449639	0.779283012498372	0.131393245864689	0.465317592618078	0.858879992843128	0.0632626449621282	0.275960253835282	0.169360870636041	0.0595185548838514	0.278760325670232	0.155618094817628	0.774330491906031	0.806678799607207	0.648085599566554	0.454584272051696	0.74806000123287	0.421425469451353	0.728757962548719	0.762544665840302	0.547994728641099	0.333837144019868	0.220098819918449	0.420354498750005	0.676055913742459	0.21800186825027	0.198653938874714	0.463173189299627	0.810260292997214	0.659820750246522	0.855627814420355	0.509942441856559	0.477269654645602	0.403483353422141	0.285330828412647	0.740859424558595	0.561015989702374	0.644624485864583	0.628279037739576	0.659740433325767	0.277382890648655	0.536507681739416	0.888575519452701	0.411734494511585	0.474304330924998	0.866467891438261	0.727526585492317	0.956225414897078	0.491248887962587	0.767910046007499	0.819159616210933	0.555447099708495	0.355592722642157	0.548422833185144	0.671448171010523	0.312500816330791	0.756501731412472	0.705350081576025	0.633208108797346	0.368217483415685	0.260185261899858	0.260708652606362	0.253492036795163	0.392129014801429	0.76940604163229	0.324469433231433	0.573871742260697	0.690812359029227	0.707879172508409	0.534604571287053	0.626631485097515
Epidermal cells B.lz	0.254388833454489	0.401597948460053	0.325142620858918	0.315301004027168	0.405352461356926	0.196769712494627	0.331149285586248	0.827639859812461	0.603695217463756	0.811737571943725	0.764174767505173	0.637513983547745	0.473660417269885	0.825923315360522	0.697087069934703	0.351132821735183	0.45754279355332	0.597632832904215	0.286323160589443	0.290612353545734	0.229715277024836	0.370693491790192	0.337692380970932	0.746959855206293	0.68321695624302	0.710634355731605	0.59301829969071	0.77311654762461	0.673964429760484	0.446420495242599	0.565993788639684	0.801005515567994	0.376435283444845	0.421944319756097	0.401215476281097	0.632474895815927	0.690876830381284	0.277011013840663	0.33777474341685	0.700960301989442	0.132759518924733	0.305983374421486	0.147612559075605	0.148372030262409	0.173154557001176	0.123909032774095	0.702478189952504	0.773391259931964	0.550191625046442	0.383515589008079	0.672793380075827	0.319001941691831	0.533266641744842	0.607820261333182	0.397700221604321	0.280369867050061	0.156764112960332	0.279231947746581	0.527875386521315	0.214272864103609	0.196666058112296	0.660940057613259	0.678479778396287	0.505076633830905	0.665975982848833	0.422869297996718	0.416082609986672	0.39880802249377	0.238770329495675	0.559621225733918	0.371697691068707	0.480524008034316	0.498988638057053	0.673981931902419	0.403857551117596	0.42916725998101	0.948121330332103	0.310403453513615	0.372055204268242	0.806596596444211	0.796327276266839	0.960849612505954	0.251692941796628	0.83534923905656	0.870602124669419	0.691312873153371	0.465198774482301	0.700952950480474	0.771967524358583	0.298806205652709	0.764311652066211	0.61746007043889	0.55666666771495	0.492291027487642	0.374301677573999	0.367160627013376	0.386039776499632	0.539930124286325	0.804796557714692	0.469339178039632	0.586795991941333	0.528188811980789	0.741534885909038	0.317862963705547	0.447107823858129
Epidermal cells C.lz	0.267473674449354	0.417887715785567	0.393416837666306	0.434239946585911	0.474386950382819	0.254735619529174	0.485730282241941	0.933328529019511	0.811737571943725	0.936918195793674	0.895497950875821	0.826895109278699	0.723689402242917	0.93530372164032	0.844512790553144	0.414575523949844	0.528904973659147	0.712127802667435	0.29357932386504	0.372986109448648	0.266528585392658	0.448245438375735	0.369401585163129	0.787820040233522	0.793061105770289	0.81793682252132	0.645542843730042	0.877181701201571	0.835880628519829	0.645255586481308	0.707923700837677	0.886196602392448	0.388422882876756	0.419615128520107	0.52093493728855	0.760616171777374	0.832702408474959	0.25631913180365	0.477518536619483	0.873189870852058	0.111399049557318	0.374925100509469	0.125038202360666	0.129138856718383	0.251378338173084	0.132989214256713	0.84883384730996	0.851652118314095	0.664812649823581	0.44855405029415	0.684928296078619	0.512259276444719	0.681706409991701	0.742366857951384	0.524973604760666	0.376765397584126	0.174588534311554	0.356075844273438	0.682081913042748	0.216016753748292	0.169944198753372	0.59692737304675	0.582832905786543	0.505388424200817	0.59168755691564	0.350286071633218	0.499842252912212	0.425973061160778	0.277985323466827	0.657793515181122	0.5404440935912	0.58954474863775	0.587117130691321	0.724846858713107	0.325188200961714	0.573921713923482	0.902843868173587	0.380106355228921	0.367154700296795	0.81061293902579	0.645112831500201	0.967972482946576	0.377636748544118	0.849636978012178	0.854993209601149	0.603603744983759	0.288403666040135	0.573486870336736	0.644045984333367	0.329768777105412	0.684877392624087	0.576316291893099	0.655554317058274	0.378999141788645	0.285652228309166	0.282554253901386	0.282770084149456	0.439714269020192	0.680798605517901	0.351916297191939	0.519820154957869	0.734276810721365	0.712119634430163	0.343704037739729	0.57730681927399
Epidermal cells D.lz	0.336395631142755	0.666354426322271	0.454662470405487	0.450308572927715	0.645108158923833	0.100907078479733	0.369108940360496	0.92166413086493	0.764174767505173	0.895497950875821	0.896241372878194	0.777091867536317	0.670144337360462	0.8991507854973	0.828820147593774	0.37711932068319	0.350225744661315	0.80989730451393	0.319275328671891	0.438988684135959	0.245334655166614	0.577346954549095	0.569607250195944	0.812649750016971	0.697244441161169	0.844336198204553	0.706455144055745	0.80509114471979	0.755415802368589	0.657243958880692	0.817248726228165	0.862587289044983	0.719615013519642	0.64022206682159	0.285626225646802	0.580926743176068	0.736666467482725	0.0647114330887609	0.498762410457388	0.802785914635279	0.0452861073519505	0.287361136367612	0.249756460349683	0.030495639856883	0.408204717904713	0.207603112605467	0.711586216331979	0.790516948157507	0.687410888662858	0.516187170297806	0.781377906686586	0.413441149353034	0.76035326189522	0.803758155655297	0.615419646942552	0.39186979229209	0.29292701306584	0.452264435568832	0.70234578464267	0.204627743804732	0.167840444671857	0.384007153522935	0.871974965005989	0.707871742458273	0.919684918881915	0.571574372289468	0.542725217701548	0.463946549165098	0.387599555324594	0.768138912283063	0.621675905518272	0.692994894266533	0.580897630818952	0.652665782816847	0.157739283530772	0.54261304839891	0.874576381670159	0.503144682640689	0.584703501246687	0.898951710975378	0.694199158084773	0.960748965352603	0.564951828102026	0.776310051870824	0.800416141550599	0.548238685886087	0.29396596198368	0.478932545231841	0.642911763112079	0.377344801969624	0.778675230826329	0.825515145000172	0.752764518087143	0.281991934431985	0.193317298669847	0.187329056924339	0.17496850919419	0.305766869322823	0.760131846015378	0.292544680993167	0.630520196778622	0.722593337703116	0.690094943965275	0.480922414922787	0.671203944714617
Epidermal precursors.lz	0.194029811744414	0.373389708436167	0.298820868838446	0.304930148588698	0.596969427147735	0.190586176722289	0.328402442587753	0.830047581875263	0.637513983547745	0.826895109278699	0.777091867536317	0.765471756672874	0.515834729049138	0.847002256276788	0.735245929547298	0.350567159197602	0.455014810587157	0.712092922358228	0.223867021691726	0.310837294842899	0.183530391328132	0.359528020241487	0.420058430339824	0.783562322542236	0.755856943428803	0.801477263772588	0.708685182535436	0.804614703834688	0.726628422800469	0.461750651659189	0.60970378612222	0.917975432335323	0.368544084110828	0.499294833323714	0.421625313001228	0.616678019423142	0.718526097903149	0.191304592894445	0.337414897893173	0.790800867836947	0.144129307304441	0.352855496542654	0.332579549041456	0.145162033825733	0.438177347118855	0.313739031196778	0.643187097493793	0.848957832079658	0.670879814701147	0.335687468993669	0.662342803796022	0.387032249904663	0.593639758749316	0.652518528332392	0.528912830185531	0.391354274110786	0.305647678771747	0.588871496358661	0.587867998974306	0.471177543621679	0.211462158570798	0.440515383216821	0.756848895605415	0.561241171378678	0.754214515445606	0.499910966608194	0.395946255644032	0.274427282113686	0.19913322619096	0.466591457414355	0.373927354052702	0.310893838929157	0.428022694159237	0.436241197308689	0.327454106701102	0.395077840681436	0.898644829724574	0.363423122434975	0.477311216365746	0.674242866238814	0.799262053500515	0.869279209677678	0.372263517310754	0.713399748646059	0.877935806021981	0.72701275144887	0.463170387734656	0.754842532018901	0.804850996102633	0.271180861104475	0.708464935952276	0.571614169730222	0.292325050072868	0.563560865876811	0.499693867868242	0.449983114270474	0.421223954751045	0.523042636780539	0.830525162271876	0.500831161616932	0.620651031859397	0.703413876898873	0.659311080111747	0.308676158185384	0.332296506428654
Epithelial cells (Fin).lz	0.586618527052145	0.633940052291291	0.436986664227273	0.512179394789661	0.182917664595305	0.373598363749213	0.441659931524445	0.738908567469512	0.473660417269885	0.723689402242917	0.670144337360462	0.515834729049138	0.711561164410174	0.778579589132354	0.721247386316256	0.575974964928701	0.322284001422625	0.247623285700791	0.630743882092348	0.529723506125424	0.446381408624252	0.58614928736857	0.507598182796846	0.473251196405142	0.395505160101261	0.530213585040522	0.240942056298534	0.458941091439382	0.488779033776675	0.637404307934056	0.743814949777223	0.548690048622484	0.318077315662406	0.345742468079894	0.450952337894575	0.483150801901033	0.578491503790798	0.449804276368321	0.500883332358089	0.61098074968183	0.374524648901058	0.467626894461593	0.201845957986519	0.362882233980544	0.0962522729580591	0.215221597503214	0.628400027182122	0.369211700926389	0.291865335907277	0.640588102624439	0.48154622381806	0.321402530230091	0.404244593064562	0.529603967181517	0.402361448403349	0.52116879920231	0.187260905914646	0.215559856944951	0.346192107831561	0.20910998051934	0.377551577628952	0.529736784312107	0.547562181860223	0.500011018199522	0.54239311078092	0.436808476397023	0.524623563432168	0.662229343143574	0.680419676911028	0.438199050556231	0.276432498182712	0.404563268893173	0.326945607526948	0.5351182181191	0.688451801478103	0.344836157329427	0.573462310671555	0.176113268262348	0.198951967933702	0.356137808347264	0.583889382742815	0.364040312864658	0.253048270871408	0.429717880086493	0.598821054899351	0.615160554100323	0.673139006224176	0.729361328516229	0.664271130002517	0.243307695833499	0.440906642011909	0.513799393037751	0.509618287124565	0.802607103498808	0.792020800812716	0.707152784104975	0.781391087081523	0.796165199939955	0.547962581719121	0.599161515386357	0.610141800960836	0.439973864595493	0.561244416622562	0.327762411902347	0.376010510486623
Epithelial cells (Mucosa).lz	0.337568119222884	0.586786445252491	0.494582670838565	0.367949139109145	0.545128542876201	0.224068623471101	0.479938206607583	0.931224544964189	0.825923315360522	0.93530372164032	0.8991507854973	0.847002256276788	0.778579589132354	0.969595543310792	0.923267757602359	0.654227859497045	0.342394864541538	0.58423381605432	0.306467414804399	0.368503532125971	0.238669794476172	0.463512994438503	0.5295328612549	0.591815691080075	0.625335020206336	0.731409846952342	0.802963655861512	0.798512495355888	0.831828983512579	0.60689335211298	0.723704761908386	0.753733861703599	0.387021427381178	0.354523886737235	0.393039544508682	0.74666588088159	0.750369370207473	0.135060907424011	0.42549972625778	0.891808737023933	0.159555203058298	0.380513881442517	0.434737286799962	0.145113913478444	0.458837568835797	0.429525199876424	0.84738854602217	0.89627239239317	0.702597758976357	0.547596351638157	0.604619503181297	0.377271347611963	0.60447230616786	0.61694919049047	0.499965855778429	0.47950798521196	0.379353731914767	0.543039142921236	0.600566918005246	0.411419142281877	0.136111871731705	0.489414627908572	0.349020475899053	0.443945376357303	0.308198321634858	0.346115495922518	0.529992934125957	0.494739366117533	0.378863666181875	0.849830635851564	0.833715074649171	0.83851983156203	0.850973624074892	0.861560149073657	0.524812713917865	0.839430306362607	0.778785033121311	0.567141803582422	0.61164965621174	0.693534296006898	0.389405206752617	0.952935395974275	0.726065982655583	0.774549484232515	0.744422500308404	0.389076082668697	0.299451696178186	0.286759989805464	0.373281358977763	0.637594483151427	0.501756073164896	0.705951146947712	0.799267934382766	0.324068593085953	0.331281072627762	0.327096873093383	0.331579428864877	0.364261162113471	0.465475960850265	0.315465860778269	0.482471664098828	0.820142989945176	0.593927209081224	0.528453069683263	0.786653299895774
Epithelial cells (other).lz	0.458138472718965	0.668917900139446	0.567579645856705	0.313156447465886	0.648222380202082	0.302328816985751	0.592955236739238	0.862912799049733	0.697087069934703	0.844512790553144	0.828820147593774	0.735245929547298	0.721247386316256	0.923267757602359	0.950883239982766	0.797042665064275	0.21136973513119	0.433079887550175	0.419726154101562	0.465643008923554	0.317335294113349	0.579026141935094	0.718183642848297	0.254705531764437	0.477066773599723	0.507139166646393	0.847037514399021	0.549512304785604	0.669076443904274	0.547996179093658	0.701294730387009	0.562433790562867	0.212837976360543	0.264844105612321	0.300694624317704	0.618967321444238	0.643580581899093	0.0878576931305038	0.45772302434084	0.810457034126802	0.329776423525428	0.499060333889715	0.793372719529768	0.275852759064052	0.694115602314946	0.789889635853222	0.743859479396697	0.899484471966651	0.788288276907071	0.659846332677757	0.659810301868375	0.335666399157237	0.636971053391539	0.521817430387895	0.48337407274747	0.486243961721798	0.706767850865378	0.787384379245202	0.695713398667629	0.693457281492587	0.212336819716409	0.200430561834522	0.522586008893225	0.523246721277041	0.498365077831932	0.518157201028502	0.597004783244468	0.654887285295498	0.515807210116005	0.903797635793937	0.826013933114385	0.862564098384468	0.921911758286135	0.882076206312138	0.554314174577851	0.864692617609438	0.781566792846672	0.629198443541548	0.684233652830392	0.63165188595803	0.325335648458	0.942326860817864	0.803173955560704	0.683143816609476	0.662566253873951	0.229084980598889	0.269705011202649	0.210083201504121	0.318532887477995	0.640699048100787	0.496634711897461	0.583374422094042	0.810878926518804	0.217953695549718	0.251474465905548	0.235330885749164	0.236448551899077	0.253310049992744	0.38980030244207	0.162481070805751	0.563519569827069	0.801817435363426	0.459211026073506	0.611203879404842	0.812685575921116
Epithelial cells (Otic vesicle).lz	0.742741942328482	0.807602844239519	0.599915076275255	0.552286379310559	0.579671869653422	0.528094900738606	0.603957829178087	0.401317303346943	0.351132821735183	0.414575523949844	0.37711932068319	0.350567159197602	0.575974964928701	0.654227859497045	0.797042665064275	0.820962451144612	0.289037951728677	0.217720262132039	0.711196362104285	0.58419161168016	0.546871821026494	0.68624688667555	0.662788531638486	0.167712704150264	0.229145017658142	0.230955861185412	0.595608035848632	0.209602770406224	0.38617187539409	0.394421944920335	0.46463075980335	0.233330896781607	0.282722574897918	0.234191953199389	0.322862178037706	0.305034665193531	0.283241874231647	0.399183903805291	0.589716876494144	0.459993412440456	0.62089146447899	0.728382681821033	0.789479304804409	0.551668659236843	0.64453464995727	0.766139214434549	0.438198629601024	0.705592872709016	0.556076359208199	0.712456993167486	0.397888365812891	0.376381784357763	0.368807465659648	0.329816293390491	0.533395650661448	0.715099356018012	0.650127192776842	0.682622113894984	0.552153738535949	0.637879347151366	0.44911680747991	0.448469597995501	0.272936723704307	0.487080742939052	0.17150884389763	0.582090695312094	0.637643117279107	0.735874761907018	0.793335947852831	0.752741604686325	0.448785582333176	0.622129457549455	0.627244316066443	0.750495805388241	0.802567307967343	0.627844241996867	0.304393776121662	0.405914068284055	0.32481152855756	0.201097813419346	0.244550390183711	0.358576099603659	0.653962384399502	0.33653540182078	0.300669820377266	0.366199157369964	0.640745720359032	0.418294100906224	0.328166492702641	0.571079435482972	0.200712906090819	0.579274211653585	0.701635483827758	0.634611139864941	0.740430767598291	0.672800046220503	0.728655193204783	0.641683680434196	0.206312261753254	0.526889705833789	0.580892523129542	0.513420835257037	0.255312786756244	0.516197187798221	0.541610505939079
Erythrocytes A.lz	0.360283647784784	0.217447769019133	0.185374089666928	0.376378135117194	0.348716235871932	0.698043167203587	0.393721231718974	0.405202788488138	0.45754279355332	0.528904973659147	0.350225744661315	0.455014810587157	0.322284001422625	0.342394864541538	0.21136973513119	0.289037951728677	0.96887746993696	0.978810922196633	0.339371175294385	0.249914271376711	0.417340801986907	0.16724433689859	0.284896629020154	0.4547432911708	0.470324766859752	0.369649072125929	0.454710658593224	0.534418139973928	0.51214678189995	0.328513343333723	0.17350908269529	0.401408578259863	0.436852811174168	0.542171807926844	0.836601894626823	0.82216652509429	0.660570996278481	0.845417162099894	0.321976360574892	0.664873008298086	0.767298159382589	0.348184929251807	0.299284732724919	0.793007270089957	0.189807084430171	0.39478820566102	0.677508613553788	0.396408217379503	0.247812579959738	0.182967461255895	0.335235960217303	0.497241545169726	0.391845312560955	0.485633258082681	0.147084694166017	0.236386771127867	0.352688712565471	0.344947723102934	0.287212235216918	0.514575238327909	0.631065285583362	0.658817415683543	0.596107444742912	0.591068035481045	0.556945711373884	0.505892375953772	0.370955357150137	0.341469824242734	0.248290458488326	0.130101591180587	0.096148244360913	0.156607246878072	0.111227003673823	0.207452506832447	0.514752323914611	0.107341359991741	0.583326646989573	0.12506663981951	0.191770650423415	0.339247924393869	0.686859035065655	0.22952490655819	0.16079379268299	0.653002570409468	0.652699544051582	0.737291282613323	0.706343869512607	0.90835502737578	0.796857170842546	0.159727361721261	0.520745502377325	0.268708810468228	0.176050506426023	0.819870011413454	0.758375068830294	0.693839016124567	0.797857788283576	0.811796854075182	0.629960602713691	0.66800732007595	0.663868543984033	0.231199149594499	0.685508379465576	0.210889753717262	0.152066572290255
Erythrocytes B.lz	0.275572317879576	0.505906652123459	0.16706265012486	0.346624330219797	0.770827217456459	0.342324535888603	0.464938248547199	0.762770070972671	0.597632832904215	0.712127802667435	0.80989730451393	0.712092922358228	0.247623285700791	0.58423381605432	0.433079887550175	0.217720262132039	0.978810922196633	0.999613964624375	0.178263373047537	0.336870145082704	0.19293245166295	0.515324413174162	0.719807674642861	0.640492425940989	0.658456817299148	0.723188654237747	0.843718035132622	0.707856663189055	0.717074461220573	0.211373657910637	0.462456721019912	0.77469714530791	0.558258844519645	0.700396058199925	0.520746749951441	0.751899808278312	0.668452988185811	0.315057394355622	0.497834178025509	0.760367874299238	0.356769712615345	0.489976339135017	0.471967078064007	0.257606139080312	0.610127763212402	0.573385757094203	0.713447245496347	0.799643645983289	0.750571184399212	0.286178517659751	0.361067611152888	0.717563708129632	0.835999567935199	0.770278481212861	0.531994230324019	0.605589550960581	0.590382616139711	0.790081192186156	0.806096686127637	0.510948125730257	0.190396686058066	0.327836030276705	0.77738477062548	0.81567636994558	0.821134968003535	0.689414287951162	0.604006526499924	0.509806690114617	0.309927424356541	0.475880813806304	0.605234635422075	0.679249766592662	0.504792979591374	0.370253122233027	0.208583188302844	0.377422664687367	0.486505830171736	0.60681259466292	0.697956423817411	0.789920173383724	0.479503532183786	0.692290833642186	0.78859914306843	0.794714758672631	0.715980792221173	0.410468479430494	0.276876616855329	0.48802614177911	0.484335906230735	0.403254204520906	0.651179439917235	0.661268101102993	0.524483549616026	0.446642662871209	0.288706090678445	0.319023049135197	0.365716239147978	0.460401718527497	0.497859470910663	0.327356406646733	0.555922415065341	0.832920090677246	0.778649926835347	0.697840110203386	0.669774302046026
Fibroblasts A.lz	0.863273274649412	0.806136965906002	0.750601625920143	0.753308658833487	0.255510300861001	0.714196345829433	0.73082102841467	0.254964653080302	0.286323160589443	0.29357932386504	0.319275328671891	0.223867021691726	0.630743882092348	0.306467414804399	0.419726154101562	0.711196362104285	0.339371175294385	0.178263373047537	0.895715179316097	0.803450705982202	0.787057778200397	0.850714843986151	0.536177105565079	0.359791069657946	0.216140014110745	0.343537196418631	0.199660422328246	0.281371680557096	0.298266928682316	0.600811203951595	0.623614770955834	0.310990940583684	0.410275736285011	0.461785309525225	0.395883809655784	0.226877765473894	0.326276433883618	0.608937162444013	0.785267005106841	0.16690535756867	0.600102894005722	0.660821543790065	0.345760227516388	0.554000139214402	0.229751588745312	0.277432485281439	0.30782901900074	0.123026782892652	0.271312686441155	0.809475829060857	0.300401250716381	0.536895339180882	0.412733770540239	0.474332804018558	0.667628061591367	0.671993334546009	0.259624193233302	0.227527246639414	0.294987414367953	0.24423289548248	0.664616454262607	0.512666870799626	0.291376057297054	0.472565802091156	0.371668239588009	0.481000830830395	0.725653161078376	0.836233409166371	0.911696009736251	0.364622301028591	0.160663127914309	0.225113613191543	0.220592663656772	0.465141526317794	0.641638148139327	0.280459497788477	0.385171770330183	0.146061505723787	0.130921261377235	0.197510281972399	0.518332745106386	0.186944768849042	0.136588760936662	0.244605671577737	0.373631406231023	0.583448227171433	0.800751399198729	0.681548752241008	0.584707476377825	0.261685356934096	0.353866883075915	0.472487696838154	0.446111073447105	0.755981314984346	0.841753046276235	0.773102005248056	0.773253342475806	0.766422610352445	0.433499046569342	0.629593972997288	0.506513089108073	0.247584698450399	0.379018689419054	0.274785438567295	0.251126657458325
Fibroblasts B (Fin).lz	0.792401083449679	0.78148413098015	0.676775403790025	0.638042594215854	0.314308147838203	0.63808914905977	0.575576616352871	0.367829070018823	0.290612353545734	0.372986109448648	0.438988684135959	0.310837294842899	0.529723506125424	0.368503532125971	0.465643008923554	0.58419161168016	0.249914271376711	0.336870145082704	0.803450705982202	0.865312350735701	0.664303833957062	0.778511673031693	0.426305551604749	0.697151455974165	0.472473469705096	0.614834763524023	0.485610067562722	0.4294757242833	0.35207828828191	0.468763844816515	0.571785678193451	0.694124746266284	0.584485347779106	0.661609750473856	0.25415561460826	0.283606250207563	0.341384770266778	0.461065687716095	0.692896414346549	0.257668101509392	0.408326426447326	0.646657496539047	0.348762811444221	0.360681774941885	0.277422199288505	0.365203599256686	0.352325409649695	0.245725486930721	0.33211148118133	0.770068556195312	0.46997162832083	0.51863314688677	0.54347278954352	0.604400029269999	0.684572269333736	0.718901829866814	0.2757853293302	0.377669151854915	0.517830603127682	0.238803621653159	0.410420312066529	0.505046283717862	0.438785519372693	0.535854424992485	0.543040474549965	0.559076054136747	0.627870443236239	0.776330530163876	0.852849330082522	0.449338803924476	0.206811140225809	0.286037722752435	0.369044771071435	0.57265119393299	0.601974458057508	0.33172131380772	0.537773818531246	0.193967934405869	0.215580001411873	0.371210317838624	0.629997594427017	0.344861871377911	0.222810207196188	0.347405591317905	0.47582891273957	0.563206884429306	0.68141800591861	0.709293980315553	0.684206858974754	0.205908343129597	0.506807726669134	0.333670623011194	0.354144112287969	0.623003143932359	0.738920122633301	0.611399480411839	0.578191336982383	0.652457759019867	0.515842016062208	0.588779547771004	0.415383958651094	0.360233695079124	0.429205311767487	0.321687366922885	0.321973636316179
