Chondrocytes A.lz	Chondrocytes B.lz	Chondrocytes C.lz	Chondrocytes D.lz	Cone cells.lz	Corneal cells.lz	Endothelial cells.lz	Epidermal cells A.lz	Epidermal cells B.lz	Epidermal cells C.lz	Epidermal cells D.lz	Epidermal precursors.lz	Epithelial cells (Fin).lz	Epithelial cells (Mucosa).lz	Epithelial cells (other).lz	Epithelial cells (Otic vesicle).lz	Erythrocytes A.lz	Erythrocytes B.lz	Fibroblasts A.lz	Fibroblasts B (Fin).lz	Fibroblasts C.lz	Fibroblasts D.lz	Glial cells (Peripheral).lz	Hepatocytes A.lz	Hepatocytes B.lz	Hepatocytes C.lz	Inner ear cells.lz	Intestinal cells A.lz	Intestinal cells B (Exocrine).lz	Keratinocytes A.lz	Keratinocytes B.lz	Kidney cells.lz	Lens cells A.lz	Lens cells B.lz	Lymphocytes A.lz	Lymphocytes B.lz	Macrophages.lz	Muscle cells (Pectoral fin).lz	Nephric duct cells.lz	Neuromast cells.lz	Neuronal precursors A.lz	Neuronal precursors B.lz	Neurons A (Brain).lz	Neurons B (Proliferating).lz	Neurons C (Spinal cord).lz	Neurons D (Brain).lz	Neutrophils.lz	Olfactory receptor cells.lz	Oligodendrocytes.lz	Osteoblasts.lz	Pancreas exocrine cells.lz	Pigment cells (Iridophores).lz	Pigment cells (Melanocytes).lz	Pigment cells (Xantophores).lz	Radial glia A.lz	Radial glia B.lz	Retinal cells A.lz	Retinal cells B.lz	Retinal pigment epithelial cells.lz	Rod cells.lz	Satellite cells.lz	Skeletal muscle cells A.lz	Skeletal muscle cells B.lz	Skeletal muscle cells C.lz	Skeletal muscle cells D.lz	Skeletal muscle cells E (slow).lz	Smooth muscle B.lz	Smooth muscle cells A (Vasculature).lz	Undifferentiated mesodermal cells.lz	Apelin cells(H).z	Apelin cells(P).z	B cells(H).z	Cardiomyocytes (Atrium)(H).z	Cardiomyocytes (Ventricle)(H).z	Endocardial cells(H).z	Endothelial cells (Blood vessel)(H).z	Endothelial cells (Blood vessel)(P).z	Endothelial cells (Heart)(H).z	Endothelial cells (lymph)(P).z	Erythrocytes(H).z	Fibroblasts (Heart)(H).z	Fibroblasts (Liver)(P).z	Fibroblasts (Pancreas)(P).z	Granulocytes(H).z	Granulocytes(P).z	Hepatocytes A(P).z	Hepatocytes B(P).z	Macrophages(H).z	Macrophages(P).z	Microglia(B).z	Monocytes(H).z	Neurons (CNS)(B).z	Oligodendrocytes(B).z	Pancreas duct epithelial cells(P).z	Pancreas endocrine cells (alpha)(P).z	Pancreas endocrine cells (beta)(P).z	Pancreas endocrine cells (delta)(P).z	Pancreas endocrine cells (epsilon)(P).z	Pancreas endocrine cells (gip)(P).z	Pancreas exocrine cells A(P).z	Pancreas exocrine cells B(P).z	Peripheral Neurons(P).z	Radial glia(B).z	Smooth muscle cells (Heart)(H).z	Smooth muscle cells A(P).z	Smooth muscle cells B (Endocrine pancreas)(P).z	sst1.1 cells(P).z	T cells(H).z	T cells(P).z	TNFalpha cells(H).z	Undifferentiated cells(P).z	Unknown(B).z	Unknown(H).z	Ciona10	Ciona11	Ciona12	Ciona13	Ciona14	Ciona15	Ciona16	Ciona17	Ciona18	Ciona19	Ciona1	Ciona20	Ciona21	Ciona22	Ciona23	Ciona24	Ciona25	Ciona26	Ciona27	Ciona28	Ciona29	Ciona2	Ciona30	Ciona31	Ciona32	Ciona33	Ciona34	Ciona35	Ciona36	Ciona3	Ciona4	Ciona5	Ciona6	Ciona7	Ciona8	Ciona9
Chondrocytes A.lz	0.920167155106914	0.921551782446772	0.885499000574367	0.850280261422667	0.36821311991307	0.859306005559744	0.790485977025359	0.460314281225163	0.561330951162545	0.531727375914784	0.457917226750565	0.425988399657198	0.695613740502042	0.53878866858883	0.485858732864623	0.839341121741247	0.610848073607607	0.455576237984364	0.917483360812687	0.866690556452162	0.85775266997077	0.889299726975756	0.47336707743972	0.43627916008602	0.393149299070963	0.419689282012176	0.415876398699686	0.486351091766885	0.464963340595814	0.670882480297966	0.621713215180836	0.342901412643417	0.521934120276342	0.601256394182258	0.618183199563579	0.49406395495591	0.507806749969425	0.777313628242431	0.826218622515366	0.323468799014069	0.762848368331791	0.766646198321071	0.508274283612491	0.755662323441847	0.415980052045467	0.441774626844032	0.520610567742758	0.352417807263877	0.37051942123954	0.878313183770482	0.458074580490625	0.701132932131828	0.412067288686558	0.570642596155442	0.759812364684622	0.705706956715511	0.415624903424572	0.328748964250773	0.436390949643984	0.39643439564673	0.766064228007105	0.711054745747063	0.379318671782601	0.616623804837572	0.3642067326291	0.635885270430038	0.755291942994835	0.83411222462216	0.93941596042278	0.191940171326467	0.224812718317989	0.200177344814595	0.226929153782124	0.222973579996377	0.441149025908264	0.584266700724148	0.547663542136133	0.495766434452418	0.573773025495338	0.201967886330986	0.739048752339577	0.721450504552876	0.572724022328386	0.259498732028853	0.292279190471962	0.219123820189442	0.605377115454922	0.253799662215679	0.274192985612504	0.233742460028782	0.188244036606235	0.138504040613925	0.241860567318327	0.279385921340304	0.137362009042958	0.148749331926842	0.225910651298194	0.191227517789254	0.139154502175643	0.3358485555	0.148293261081073	0.426979458729677	0.419390619115991	0.534527412987803	0.589453922547818	0.657624505870793	0.156098020745479	0.271481447731485	0.233477398448373	0.619706448827005	0.156882514176661	0.421304959699747	0.52569234953456	0.327254818713562	0.0964906031041593	0.180145853442967	0.193865777877435	0.481287784236765	0.748022671000474	0.176020707192951	0.377541448735907	0.0799698954576925	0.078478333547273	0.173982366070892	0.481379187456028	0.157814827186117	0.0916689516638676	0.222854513829078	0.318754406308353	0.458869937089713	0.786559412051383	0.659072749526819	0.511590003797238	0.234535178894674	0.266606224997641	0.531092886745717	0.412948805593041	0.708792210057065	0.814055057813584	0.722355004305117	0.789122937675626	0.741216836683667	0.344075047615284	0.650090152255661	0.510680505269752	0.163494315715686	0.348471463716477	0.330637577179122	0.238084642141419
Chondrocytes B.lz	0.921551782446772	0.996556399132321	0.960121745469082	0.844565055909179	0.811932274680618	0.728547242604194	0.628699062497011	0.590733279984942	0.608227733640578	0.606687691278989	0.770892579471838	0.562880533955478	0.602267849448143	0.70788801495627	0.569326673624	0.832425185187652	0.483128460037265	0.650842310427527	0.834663645854011	0.810814295858566	0.675052900189008	0.787069204955759	0.712833110459005	0.577505723192854	0.367892393457489	0.52555894511662	0.577045436263171	0.510951101894667	0.585816890621629	0.548134816438542	0.784219602478144	0.388406504958594	0.728075629891424	0.685146699353195	0.402261372216952	0.648169845569616	0.423207544501544	0.421590018603375	0.763664562928238	0.426326664528909	0.549166908887306	0.752758538139358	0.638822680800172	0.42916648586093	0.623963776519237	0.613466297026825	0.624375328952412	0.609751475380434	0.744739631053718	0.874014105003772	0.634760541234571	0.472912266990671	0.600071793987955	0.655296768752289	0.710787440577163	0.704414572372701	0.693648947517492	0.624812028673815	0.664541958192223	0.511998765309291	0.434890858797424	0.654389947362031	0.37765837692257	0.575949208809723	0.436240049668746	0.63099464291774	0.723608462866773	0.737449336732393	0.894647157109779	0.289787649308392	0.503961220901297	0.342610288258568	0.201880667098754	0.239099038753148	0.26743655576869	0.336424688923328	0.412941775171549	0.324344856271214	0.493787742382769	0.391724871785536	0.56313914389199	0.618702227224507	0.615344433190342	0.205314777901546	0.36504355494323	0.357293255520194	0.482527655440229	0.308385416609865	0.350582637038451	0.257831078887606	0.230160588688246	0.2456932906531	0.395573765496917	0.514225041219482	0.297422296522365	0.359899845294698	0.377092062543084	0.394246460047388	0.271428640868058	0.581528247339902	0.262636730111613	0.512468760820142	0.331261987547343	0.432083112053808	0.553291333229466	0.406052912555724	0.325339618133338	0.289752896556437	0.486428541946385	0.63444534349796	0.386995649507189	0.297861789972997	0.349180139314158	0.74421447516776	0.393347103720605	0.484545116632564	0.57774471069747	0.575042106272541	0.467787307566441	0.50762879760687	0.325707656902706	0.385019280437116	0.514123233327017	0.371485772883648	0.236573650291642	0.326089719260164	0.457109611084026	0.349817017071535	0.308950600809635	0.226457315911863	0.390457217060171	0.279269186322978	0.287158489168255	0.524310737405544	0.267171982714964	0.619097876587187	0.70999867345586	0.434390410791472	0.520193703399395	0.446802174039268	0.593077257464536	0.576004222765078	0.218728728678251	0.425092739439061	0.337797518358574	0.423984297329733	0.33619803669841	0.669379693806121	0.539725541457759
Chondrocytes C.lz	0.885499000574367	0.960121745469082	0.908974972102662	0.841288009637696	0.456157525847194	0.797598172060152	0.557489878325973	0.681021074730737	0.727826060345921	0.722156798435651	0.64763473216441	0.636437121128016	0.694150307857179	0.759292762196672	0.661886650654819	0.794389930340547	0.497463045672911	0.336051612635869	0.87180809714301	0.824670247625258	0.789663495970178	0.796672119581251	0.328025530875577	0.440261087396768	0.471809864075616	0.451988802854731	0.500660639887407	0.585371857301074	0.539722059097312	0.7218842414887	0.702293573717982	0.268248465792536	0.440101247511126	0.595467088014267	0.601332566471459	0.657092114749924	0.519484590321044	0.702008425865622	0.686923776164094	0.467296134435487	0.714280294086521	0.7440637533423	0.494254975670608	0.69088463195805	0.37142958196518	0.448437821747753	0.491325297100551	0.516584303097933	0.406571325344633	0.836617211357751	0.596881166767919	0.550555990896637	0.372664366652788	0.568185256122851	0.562539799915664	0.663390417798065	0.384529382392005	0.40125916562853	0.41058509932829	0.475030702713475	0.694475179402239	0.65814505676831	0.525416071922697	0.625597814741492	0.485761534324688	0.601263647011249	0.634714915776609	0.654284285845543	0.869421760598669	0.156460422614476	0.118668008438902	0.259408531056312	0.233527554855972	0.260141846441	0.297254936730185	0.238492107113247	0.287009964724747	0.349209273270354	0.366911196452104	0.179063753059402	0.636261633212247	0.491642583385536	0.449930694247977	0.335088359521645	0.297931094652759	0.328259640774989	0.419907598931637	0.393054073828823	0.339180101734992	0.247838640980678	0.243971572060704	0.173568871212944	0.305271235182938	0.405636718163961	0.305977836921186	0.370824035879975	0.39327039315594	0.264066225832833	0.282863513559559	0.214023956263828	0.28509134092012	0.405544934824365	0.414976724039373	0.471669441627793	0.347896726915847	0.471503951805868	0.35563046718946	0.358406961574125	0.309416511822465	0.663782879340485	0.237885857394804	0.233930692952806	0.302219708728198	0.232901603149816	0.0691299211516493	0.0964374525007399	0.218869871357476	0.316445917253321	0.591321984810145	0.152630548677855	0.753327245762099	0.120375032407147	0.155616781646281	0.215902894882088	0.557244695863997	0.376027727295854	0.18033083536178	0.206089969863284	0.44209214326856	0.513750891250043	0.74156265167809	0.722212105668801	0.642501064704806	0.220117762706464	0.353133807772392	0.499588303644312	0.349921297669109	0.662973136597765	0.781253275544685	0.687108601220588	0.800098046826656	0.723270132551487	0.482009047464725	0.633602739552659	0.458267705411828	0.207584186987525	0.331908833994302	0.182167445844445	0.110371413464164
Chondrocytes D.lz	0.850280261422667	0.844565055909179	0.841288009637696	0.948821973794927	0.472435491839061	0.799161312119687	0.683286125797674	0.630705421606585	0.671098783084921	0.671466973962036	0.617459653161325	0.588652446067011	0.730289911505812	0.614337752011846	0.536385763115847	0.746754699875694	0.634000529157669	0.498871360208923	0.843736385247555	0.763519741376766	0.793060113467998	0.649872028331977	0.351343442517673	0.455992359266815	0.528440111863274	0.598990263252795	0.446703329727131	0.507402922873985	0.51250522298462	0.767978441499762	0.742821646738884	0.4602716672677	0.486866901420042	0.574397758364849	0.709356977774386	0.659916897034065	0.506991512906727	0.758123074512603	0.686305020106281	0.587907985672881	0.784167688849885	0.785145370587192	0.254443516834157	0.775576858847505	0.201707295295094	0.273884441453378	0.529408596250959	0.303221605245192	0.325366885555791	0.792810429064344	0.57313070220651	0.532218289416507	0.295370534230372	0.607859589338349	0.629260449998553	0.83274247655033	0.349281537388924	0.450607117962008	0.488627953958138	0.501982952913343	0.71094890730734	0.625583523260264	0.528472763293453	0.547884738347301	0.610640129682362	0.618748502840047	0.632885173689564	0.728288195216372	0.771349455035254	0.147353403210665	0.13538539534753	0.189866161321368	0.400877179741925	0.425579040631771	0.49990830398338	0.435355621837218	0.326900778350232	0.520496183315714	0.429853249521632	0.27310068169413	0.456004655871774	0.454033339007649	0.421414550381507	0.171518828601411	0.280161483156434	0.241751409596038	0.269830038015441	0.20983238953806	0.237405149875965	0.172356111637205	0.253222710269456	0.183076640770768	0.175286196446499	0.466957920950097	0.253717577272677	0.302598001005524	0.274283950934858	0.288924819808513	0.238799925603592	0.252125058723255	0.306415372527343	0.224731317818597	0.536704816776835	0.453530188711221	0.399636794452374	0.337247544136801	0.323632268472954	0.311657970831747	0.207834669733624	0.455126528876965	0.240587090489327	0.357800404587169	0.50479866616067	0.222671652353514	0.0903392630574043	0.218807746272655	0.220867759623408	0.395331268496691	0.671922648703343	0.146269020005379	0.520173950135787	0.0916166058743375	0.181916855907198	0.19749599067191	0.519748090066228	0.26999121204123	0.177705658281835	0.343458082396495	0.475089465296203	0.554140347405015	0.80124940196638	0.761212351904568	0.600038147733734	0.216633248984963	0.341127692778305	0.48237892634576	0.554609021305963	0.801705750309739	0.81283719477944	0.809774133255359	0.774022095692088	0.870723853399445	0.474202610279685	0.637284776312072	0.700529328074923	0.409136267231653	0.433660543193116	0.472488205610064	0.230673765500438
Cone cells.lz	0.36821311991307	0.811932274680618	0.456157525847194	0.472435491839061	0.986450809464508	0.242111370806562	0.257663508204149	0.454064392144985	0.38261069489749	0.426781075685027	0.541527747490567	0.599234090180593	0.294218294125322	0.51517451014489	0.704821906763448	0.633745339077452	0.463326785682287	0.714637938253445	0.342507769173731	0.396731855452386	0.26989443784124	0.29890366822774	0.561931768151035	0.564223883668629	0.323436638522103	0.435645646929727	0.837766517420816	0.417453889898309	0.365614314136985	0.264272875855333	0.410375686908221	0.480253123328004	0.812705046460921	0.66628896590013	0.309614816581845	0.48207240936406	0.300837010140072	0.420489828101988	0.307189317666266	0.541384734102028	0.511552912698134	0.759172750430701	0.808189174219712	0.495972630095478	0.882154989682486	0.868547704987354	0.465591563237714	0.890557800889359	0.689462905939156	0.382474023779659	0.696521414397633	0.291377273329737	0.530732188481582	0.491633176658125	0.471838130263234	0.822938225312044	0.920744245896501	0.922123505270522	0.793728429346553	0.942942840212263	0.281749245277745	0.695721495964922	0.585207471252476	0.647232287987274	0.595134044888253	0.688564957597337	0.49862877569094	0.345041220435296	0.392173762030674	0.340906391458618	0.347957294322877	0.330873926070635	0.661394504417479	0.716129818038312	0.277246036523932	0.281795310517389	0.252513786012313	0.259673353013275	0.196975292745516	0.528701797014754	0.270828914597651	0.253295294154241	0.280726996243901	0.372229108667465	0.308609157102308	0.232807715530756	0.252013091234553	0.306408115416979	0.229631274218671	0.413551703914315	0.191600014331179	0.854868272585616	0.753579639427404	0.238223578157699	0.683328815821459	0.699570945390255	0.712425803574763	0.684131437881336	0.660224297627024	0.502480906554925	0.409250260963957	0.372991563879836	0.724775776322244	0.273070815501671	0.308087723887035	0.312936420322315	0.725771101603805	0.292506814629914	0.372606249958625	0.283152733171659	0.629083366195901	0.418100274171522	0.301957934092349	0.627326007018465	0.858683063434944	0.494767655836829	0.687791289890631	0.331750013693658	0.241385901594197	0.798845217344696	0.378255974471472	0.87415332293854	0.882319475343911	0.511614373241159	0.230222440740651	0.551027833041859	0.872911936716688	0.438208419493848	0.300424235522886	0.308254727157869	0.223410348664161	0.288990737413259	0.24357240987989	0.623646692001003	0.336942771410507	0.419641581808444	0.488809934266574	0.452250932898103	0.309230785544672	0.305175174200545	0.462880891257662	0.340032917638885	0.287640284469484	0.366917851656531	0.534834977984078	0.880554133062425	0.419285215954377	0.819762979354203	0.486548947471646
Corneal cells.lz	0.859306005559744	0.728547242604194	0.797598172060152	0.799161312119687	0.242111370806562	0.842733407726234	0.745022277167077	0.330420158062474	0.532746112831403	0.532762779422424	0.269070266306629	0.453660549656724	0.699487646025465	0.406337948099623	0.409986270458757	0.756392594771952	0.739453274089388	0.377549717068413	0.876649574748847	0.847297780754171	0.818482645191261	0.80574843241361	0.378625229938092	0.410029562716751	0.436735893484429	0.341075258243797	0.267387062610435	0.432790593088789	0.442074337947669	0.692102176179574	0.484543379281991	0.368277558874243	0.354242855580127	0.579422806492677	0.760792529851138	0.609311051124497	0.605393225969601	0.891716301743876	0.759957994878798	0.43208274076225	0.844204735578926	0.761548102538872	0.477937840630213	0.855943162734799	0.292322606017715	0.455176554898197	0.620293773744175	0.293219618470695	0.193725296684375	0.765653451855535	0.372266943548085	0.73777546317587	0.445022917025934	0.570007735554263	0.649498931046419	0.65927742303018	0.294374778200067	0.293021291868791	0.440284667783512	0.539646516071981	0.773917388650195	0.640454382905928	0.419719448981822	0.528421541858842	0.364733803197503	0.558808530456296	0.700797066794197	0.785297520924298	0.894422092639801	0.211155133092902	0.240667168413313	0.275233756462208	0.357267455466961	0.325381759674918	0.466939740336103	0.518325526906845	0.475175355961326	0.486334901271046	0.500802168482329	0.15493595381401	0.641811691853095	0.623897424440246	0.51293585252707	0.416305150200416	0.362618845531328	0.230738625168383	0.498624041034107	0.287759506554342	0.331043459662463	0.218564217014719	0.319748414578938	0.0966295958566584	0.167320585751808	0.273162233717832	0.112388051580377	0.108866743320667	0.166907334875658	0.144258726588157	0.105118977689298	0.278125436430585	0.238313609322757	0.325517515100861	0.476387852299497	0.477607968375041	0.522629615066155	0.600146878959333	0.129741723649252	0.434908257635377	0.275083221493532	0.625343809762051	0.0895130842967979	0.325974364615171	0.544463733269031	0.138394373640414	0.0359191647750833	0.115149632200797	0.106149171584969	0.311695901410401	0.735183497393642	0.0996949114660502	0.478550070719063	0.0249043862013897	0.042809928681969	0.167885998043448	0.618083451340028	0.147392886147508	0.0662659704673819	0.452616971642821	0.509376311095566	0.688755762949664	0.841765446650002	0.864280743840576	0.691294239238262	0.112548843742475	0.326695560952345	0.265053089719296	0.174268100838683	0.7899739228815	0.929000553674676	0.803728343828368	0.883912847961733	0.760957424145592	0.450138466550546	0.759206340261408	0.624746775768907	0.141934556248509	0.516727693787542	0.183859662047913	0.114213000003554
Endothelial cells.lz	0.790485977025359	0.628699062497011	0.557489878325973	0.683286125797674	0.257663508204149	0.745022277167077	0.856222438577401	0.486444637399068	0.567017656151653	0.635206759595705	0.458605434846766	0.479539725583635	0.59922228834521	0.558009005144293	0.527779871984395	0.646156801310351	0.532898624392242	0.434200654578975	0.802989274104853	0.679410590661318	0.767713222363315	0.836053619660957	0.577129296681171	0.197590228179112	0.184752435427438	0.227569334896593	0.231295995597738	0.398743332572183	0.554515650019203	0.48211996688328	0.411149499202428	0.476266858109401	0.304961291131949	0.379735591798214	0.594042346030245	0.555421017182843	0.6519509674526	0.557068504458666	0.763193285784351	0.567157330171067	0.578217163746967	0.474885894587873	0.328485567899683	0.579091957314757	0.312125932905773	0.282657866867005	0.734569671195036	0.401617401645392	0.338157567809189	0.709229324871222	0.271429126855803	0.620167262876445	0.61795182404506	0.559023419257073	0.665690575264415	0.475257137792631	0.24727683410273	0.24070391303717	0.313795081404865	0.271478903382911	0.663590539922853	0.418502520492917	0.260945900803352	0.504737325633433	0.272889749239158	0.501638309849332	0.763341937235945	0.828574950366053	0.833565458870507	0.757409594778857	0.493656763329624	0.473767910549758	0.546443094890946	0.416336013521585	0.880195965181684	0.898112528807794	0.851384294551041	0.871479264644149	0.789949920593439	0.527550470803336	0.822491969324987	0.784985855560567	0.652307422648523	0.758315104807574	0.611988735772024	0.20910179388948	0.720606769320762	0.665107733448001	0.545294723620961	0.510039788064832	0.772740040823198	0.219948928053593	0.279076463262978	0.467380855368784	0.350910328356197	0.33056834030547	0.356064659853775	0.330658999751663	0.301625850746856	0.238181532886999	0.225124725531889	0.58324657843601	0.32985073870423	0.780627822534811	0.795066981134528	0.726031086393479	0.339156892978478	0.591161494819242	0.426648823512501	0.738124104494844	0.346897408603106	0.801430821291438	0.912402427817303	0.583928940884401	0.267987736255443	0.366568049715569	0.538822046572198	0.759968409073603	0.695254062039433	0.428968945313036	0.348359083381788	0.119826638034436	0.138741208863888	0.353602845798236	0.47616629025724	0.269506745942113	0.14227025931372	0.44100807453798	0.495261687205225	0.632475572145941	0.645613180257998	0.639628218330391	0.563944173781256	0.324172341880104	0.320967751966949	0.35983309618645	0.550785474171729	0.504201668193803	0.641653820763243	0.519859798495229	0.571933131277009	0.627650613331758	0.446372810793211	0.594188129225186	0.571707661173231	0.203872093822538	0.563936534467174	0.31073611934105	0.481799428266301
Epidermal cells A.lz	0.460314281225163	0.590733279984942	0.681021074730737	0.630705421606585	0.454064392144985	0.330420158062474	0.486444637399068	0.971544794679682	0.933649809968636	0.966026334689776	0.959066636231856	0.902978528154119	0.902804554514318	0.967985024953551	0.899179368035277	0.530831776588613	0.615389178869166	0.617523902856735	0.399248656705727	0.464873251050528	0.437766495738055	0.496839228850977	0.279332896237045	0.661679548452653	0.752765560807719	0.808049902629885	0.619588223807977	0.887329690972771	0.864879468069962	0.896124008598241	0.884439034363287	0.788004969133204	0.453579433457139	0.407878231413741	0.684900036339013	0.797035047015567	0.861074496611491	0.422243555263092	0.53680274936158	0.890863953413533	0.252410247768524	0.448871062483244	0.137960020123161	0.286625515123496	0.128614952751777	0.14299302184145	0.735781095878109	0.765967049076151	0.329095002666518	0.639912158583926	0.636270403650321	0.399008679412573	0.670449122106634	0.749934867874756	0.58587181015762	0.362319192043591	0.19314330294117	0.350225371959412	0.667419246808875	0.322940714180148	0.4132183231877	0.5723965831686	0.545155279875808	0.584623850712355	0.540502659612026	0.334284828769629	0.509913345075383	0.48234245409465	0.35958253451997	0.426395051856384	0.425966079828773	0.741790545987139	0.247467727142964	0.282866984294541	0.652921753530089	0.412634729373804	0.556581779539382	0.609596769526855	0.541580664071406	0.557190773125412	0.415508243002647	0.364980516944642	0.504851915213393	0.777772414126858	0.675936731348658	0.716990808788694	0.496860764081047	0.863120318932478	0.813648388182388	0.614294342115668	0.870625910137865	0.148292524665121	0.190192957607948	0.758846933483321	0.519809632822791	0.569855246632984	0.544270713911463	0.592268855863342	0.533330706590719	0.35967500738472	0.52245307366103	0.326940604333464	0.202101930033356	0.686836441788532	0.348505930752019	0.319702281871093	0.556075118162097	0.636608047474483	0.720640896849696	0.507877447148475	0.363823733202208	0.380291786131229	0.587719796839663	0.349558811646929	0.206779269020103	0.26888394812808	0.3019332168737	0.355941200969717	0.339482731766725	0.215813007212349	0.87299666333695	0.160776857282854	0.267015807526788	0.718761119216684	0.771239029493736	0.705987583602836	0.291003929156679	0.820361059677025	0.813804342449145	0.677235351500347	0.485041494114055	0.726511532607556	0.76176204779172	0.142045766005441	0.722310863962459	0.774125405368557	0.463090479006501	0.53021508361845	0.41890084213453	0.445340991382876	0.416828636789894	0.599164581961007	0.778556983141209	0.428863858892085	0.721818082267007	0.486907469451736	0.792088851476597	0.320264540076649	0.297817485562555
Epidermal cells B.lz	0.561330951162545	0.608227733640578	0.727826060345921	0.671098783084921	0.38261069489749	0.532746112831403	0.567017656151653	0.933649809968636	0.867016883339769	0.926944128299126	0.908193643237869	0.819743006811596	0.841705665960751	0.93923857025652	0.822278095829682	0.562337554801861	0.687290800048435	0.569600831952661	0.520766577620955	0.492716513826559	0.56331403289935	0.522020495394367	0.286463027473312	0.616668931075144	0.723765078493201	0.718961671676004	0.544900839464474	0.854197989506341	0.811016239585703	0.824083272550332	0.767878656584973	0.706557707980857	0.326708491858146	0.351186269229516	0.719086875096708	0.783710208442409	0.838380827664663	0.574783824158897	0.577489300677746	0.802185623763738	0.388501049374496	0.505326513041135	0.115320257037338	0.440302841025321	0.101600054983581	0.115678727310413	0.770905415437664	0.774063974842456	0.306093945529139	0.653985501016955	0.574766450300474	0.448309458294012	0.570183796208997	0.697944250387907	0.518404515149898	0.377520310711413	0.15425789269021	0.266613721528993	0.586878052320088	0.32052318202295	0.505538253846299	0.674713826727305	0.470599221414015	0.540960296111073	0.356494632847254	0.310923767460203	0.552905164574236	0.573530539257599	0.418280032716868	0.445210245219698	0.324396161347305	0.761580172539564	0.2751751461314	0.294256303735239	0.648583297771379	0.39754288906048	0.513016215269753	0.573699637256851	0.489700101492544	0.506153611593238	0.465094381366192	0.31693666208244	0.465706690774169	0.805095670712546	0.681293879637135	0.630635452000469	0.464647745970628	0.834141907955462	0.764332512769545	0.627902445488847	0.871659376319323	0.0885464302580259	0.144943019962762	0.719436836621832	0.457321561953598	0.502194615416006	0.491278021688775	0.497826196750255	0.400329815373303	0.232358423940358	0.392104545793981	0.301083598613805	0.203622917184025	0.658862837605367	0.343290105976745	0.356293359412315	0.489987496258709	0.723825732104097	0.709022880139637	0.552698160681433	0.272661576284537	0.331083566976048	0.564822442793484	0.253815609945287	0.167088072209803	0.231688116690074	0.24963725705216	0.351423621356431	0.395313477542385	0.1787876344763	0.906515098205336	0.101315082067622	0.215032491980365	0.615437651628197	0.769777449202348	0.686827322145164	0.191823295646709	0.81276580330626	0.825631417845631	0.700149606530837	0.538983092448937	0.79790664801809	0.796079335869565	0.130080707140075	0.686970956857154	0.77501024604934	0.434023572835308	0.567932427477218	0.475991904829496	0.466727469205141	0.493788307799467	0.639989265544163	0.77501044925006	0.461419724303051	0.724314035729776	0.384967188303009	0.755308096980587	0.262407357740275	0.239575852360434
Epidermal cells C.lz	0.531727375914784	0.606687691278989	0.722156798435651	0.671466973962036	0.426781075685027	0.532762779422424	0.635206759595705	0.966026334689776	0.926944128299126	0.966169523865809	0.952886824719961	0.892623446769503	0.907357454586625	0.967929343487106	0.889543251158952	0.574441529714108	0.715921678857347	0.614677261909048	0.54771852242996	0.573475604112942	0.545473403806003	0.497231381583717	0.264864392717744	0.640538790570198	0.755292172383642	0.779201542068569	0.561990256154169	0.900585628732677	0.881823163791546	0.880612916952587	0.840412482182081	0.787281568501176	0.394362938327434	0.408515479908285	0.777762849486737	0.845762420540457	0.886330998981746	0.559621437351168	0.592055259953346	0.888190358245031	0.3607637322627	0.537351832562253	0.122296963776617	0.424945443651011	0.110375281007774	0.128535090596266	0.840688162841295	0.763113533341043	0.367926742060604	0.645199713253686	0.602490023024373	0.466106238478376	0.653027851754809	0.760787334427752	0.520224915675638	0.369412022879763	0.148815920002738	0.238272937357681	0.632168246827217	0.303814705183917	0.47498400420441	0.640520177431077	0.399923880502894	0.471795548357699	0.362059532577039	0.220680312499732	0.550933686100383	0.536851060870081	0.446699901762314	0.4093997061789	0.393470356375006	0.746648839348943	0.172772037550308	0.188911865785327	0.640256592462929	0.418303545965052	0.580293772935597	0.555982650308315	0.58794257071448	0.487862689668097	0.464317456495594	0.373815653374902	0.528738432003833	0.810448183813037	0.707177647364994	0.658783163751869	0.524219594233228	0.877738641255016	0.840025237806214	0.673557022560198	0.89069549461645	0.112715100696908	0.155789621888049	0.74457964271753	0.48613142330516	0.538488729318494	0.499034336236224	0.544210736921863	0.427097799125603	0.259852342015593	0.438149788674413	0.339356303809811	0.200644637938675	0.64838683765188	0.352462028939162	0.344538418155681	0.528262420478963	0.711599008676091	0.759152361690975	0.515669074740898	0.329234205871251	0.441641152915958	0.551827581800758	0.24550423661063	0.176903127818318	0.185725750370787	0.237811719497757	0.356886392395712	0.336172424568882	0.203715550491681	0.883846031684419	0.124314018366329	0.217418517042483	0.536110626110585	0.727603377714782	0.700165315648077	0.241222492293149	0.795521811620221	0.808235085128057	0.673117911536517	0.426094346269789	0.783870900055284	0.786818194153977	0.111163962683769	0.607483818434541	0.6476407634644	0.329193363513583	0.513479617020102	0.496235492603694	0.449426573016559	0.450777766341787	0.552813879202648	0.72984652191161	0.399799238612761	0.723494905564491	0.450366276753486	0.734061202862399	0.185562384037383	0.207293364119999
Epidermal cells D.lz	0.457917226750565	0.770892579471838	0.64763473216441	0.617459653161325	0.541527747490567	0.269070266306629	0.458605434846766	0.959066636231856	0.908193643237869	0.952886824719961	0.948240774240232	0.865549933325238	0.858896730711939	0.956471895614623	0.873090565875542	0.483393794710202	0.551837751816287	0.677030035538929	0.402141947780546	0.535912177998842	0.384058893693199	0.559887239801253	0.437893097974422	0.73376635914651	0.715338515237492	0.845527998008238	0.642850458577465	0.866765261992449	0.846501069076069	0.846634866132505	0.869829891978499	0.81838178635415	0.600036157491193	0.433843691615564	0.551307356446803	0.75196517119941	0.824418330875507	0.277813795218821	0.535027312027891	0.851909422491529	0.170635732028748	0.425787722834872	0.178555459613307	0.163119778156751	0.217374050054806	0.168259961644882	0.678114824704657	0.789718895126811	0.473045988608915	0.661603761334921	0.666370015299674	0.359583502753884	0.719417386879122	0.782049385585585	0.653827889866688	0.417924755717771	0.234488550850694	0.377117906706801	0.688911890219927	0.308274025178568	0.305591270007913	0.481574114074155	0.607281324828884	0.588888751839794	0.690843260398608	0.360905644342509	0.527205250692887	0.492512628565645	0.413488838014867	0.485920849230364	0.542629363721983	0.732526355391038	0.23087196916754	0.272701543955993	0.654778440175882	0.40592360919789	0.604341580804677	0.594305159027138	0.568885237057183	0.618388391555249	0.432847036531221	0.469706487965363	0.557896747984933	0.7282044603395	0.670437820237024	0.783564498159044	0.582235215430716	0.85970226827326	0.812613767970721	0.634900795881206	0.882690971895928	0.160256940294378	0.251012743095501	0.768907600564668	0.555425978588318	0.630611216909741	0.599235381678432	0.662503813941487	0.576280919831597	0.548769457145346	0.571918587076004	0.37769943963932	0.260416165816436	0.645412461816474	0.411563088341006	0.345773837359943	0.58118369302341	0.592722501920978	0.773011016894566	0.477360721072699	0.444158660644719	0.434361450280186	0.557476525806266	0.458978002626949	0.265236891103721	0.367157607174481	0.38463796531938	0.454260866514967	0.267427001083814	0.282415736064257	0.847130240150723	0.207772455401696	0.353177982377755	0.75557102960913	0.664611828297804	0.817458433415017	0.373265434315808	0.875159782066086	0.780416410474615	0.583757413192367	0.378032500304905	0.586559295059901	0.658166518278163	0.19489441431932	0.711107425230449	0.870329596228706	0.703204743434331	0.417109247762591	0.324641316813757	0.366499679761658	0.305199611084445	0.52547637919005	0.703741471102324	0.333767977795891	0.695889954822108	0.619963336858437	0.726601923330837	0.292302053243851	0.401164484042534
Epidermal precursors.lz	0.425988399657198	0.562880533955478	0.636437121128016	0.588652446067011	0.599234090180593	0.453660549656724	0.479539725583635	0.902978528154119	0.819743006811596	0.892623446769503	0.865549933325238	0.806609645424246	0.780987905403904	0.913981404178614	0.763463062592195	0.488903710984966	0.596731242475444	0.654228902794294	0.451722037826301	0.523030325226062	0.433776944018392	0.403998155860259	0.321990884390895	0.696106509196033	0.713053611530891	0.769239419955558	0.653149593665398	0.828480923221656	0.778117663677534	0.758872206936991	0.734887780986331	0.869998290807931	0.403565098240313	0.464131950822606	0.63557795704758	0.681058954951736	0.794607533950307	0.486399007979896	0.451566231550258	0.776448454517974	0.362408379050079	0.554105804954525	0.184980283235249	0.387222059281717	0.221543905376086	0.204667088710583	0.577167715953812	0.824210488104654	0.414302476460653	0.456751542555513	0.589123156008982	0.377081897028853	0.540598603227544	0.648383538320579	0.571141747846842	0.483241469527746	0.233624345389875	0.51761171463009	0.567326678498643	0.535275802050037	0.409817403844702	0.528300923880093	0.540737788381198	0.514037382860583	0.457465711814382	0.353816280996983	0.404449794134768	0.384916027997547	0.32373331371201	0.275973178530099	0.26012132430975	0.582789444091639	0.31523859401738	0.420532753835268	0.544939112412319	0.285882260488163	0.449758366668024	0.466421250074526	0.479372980710397	0.543048693639144	0.283882424418884	0.237355147089579	0.367332560751665	0.522492970020979	0.407061327681133	0.653428349441087	0.280077892406587	0.761030072397342	0.640647464352447	0.501389681860036	0.765872596225302	0.162742541880824	0.205641575388206	0.661235398580954	0.66189411338729	0.689756117359718	0.603245729895173	0.630971757221698	0.516189378874079	0.225558989504718	0.428403722908458	0.235348740137997	0.327682932356271	0.444795503881652	0.249064002193875	0.274846419508504	0.65348083711406	0.476988519215631	0.485664550229815	0.340057116275895	0.411646911806102	0.426135084017783	0.489887410263737	0.314524448447672	0.262485776000593	0.240373936233199	0.357305055341525	0.36863548106421	0.454042950850913	0.280840378687703	0.886771691739623	0.219422149549785	0.345410976399359	0.492034362076133	0.815559294918514	0.564153434500282	0.296366301385865	0.701228722323617	0.80914120547304	0.765927863258592	0.562026776772016	0.831361985958723	0.852997445966094	0.18975709418595	0.640619394132494	0.645393819870002	0.354050131070374	0.651269645256911	0.638549701278664	0.636286503841859	0.563417734147042	0.590927737705336	0.837800209563202	0.570793023153676	0.681249184210084	0.483596950503814	0.663709838832533	0.276413140355096	0.26290380474253
Epithelial cells (Fin).lz	0.695613740502042	0.602267849448143	0.694150307857179	0.730289911505812	0.294218294125322	0.699487646025465	0.59922228834521	0.902804554514318	0.841705665960751	0.907357454586625	0.858896730711939	0.780987905403904	0.915845699896198	0.903818634484894	0.772522906022811	0.649803623197544	0.593159200314931	0.378990008262702	0.76034113891994	0.699254797337983	0.718463723011318	0.669035749537412	0.372916440679338	0.500191759517419	0.568467105635494	0.537136627440473	0.2592222113924	0.666180178516455	0.655820389646234	0.896122858955306	0.857977877259083	0.362071869522695	0.374540062777052	0.453622292315385	0.759853282077126	0.705146010145187	0.784564325956403	0.750484815219266	0.645384344517021	0.76844378193149	0.60565246295149	0.524377544776529	0.188559711100961	0.665032396957843	0.0761053068504754	0.184313698377247	0.747276445923342	0.345363814255182	0.199209000938277	0.743122926829392	0.452081372068908	0.485156307507054	0.394344150070899	0.585765015856526	0.441950237710092	0.436333291331696	0.200548211887446	0.179744293333318	0.296580550886541	0.331742500056187	0.689416857619521	0.638350027806526	0.41543583921395	0.542514728770642	0.367061608713692	0.440705850299565	0.548629368185327	0.706215011992998	0.699773021862927	0.578452443172838	0.406829189846171	0.492393870598985	0.187468006728727	0.224299786370095	0.52600834134405	0.460137354124637	0.42195697145391	0.604861047964884	0.408588813077376	0.199790579974691	0.504586536391662	0.443915953417698	0.44669343221437	0.650074199377187	0.564398667871285	0.401059808127374	0.379697910230939	0.626420821660341	0.590745268143799	0.414181148806808	0.636238723898752	0.0731435595330048	0.1008415823315	0.56959116767574	0.211612856817045	0.260061063072005	0.23462280899044	0.193636011965636	0.222109674168624	0.233817429129052	0.312364842217506	0.34648036692368	0.25990501260789	0.553543023068954	0.346528960752348	0.413148441071455	0.273555066547951	0.578644221797273	0.540077240210831	0.512915126661376	0.202793681602771	0.246873604220042	0.52074480164159	0.232035734773879	0.202413391405009	0.297725711434805	0.192524248444144	0.423917249821741	0.678525835825135	0.203144321415106	0.604215926497706	0.0945384991551427	0.174747877715876	0.360940621019819	0.654571641300444	0.269922880293213	0.213304147473619	0.471631836454601	0.691236080802783	0.743311122496506	0.679430682952452	0.805653823146014	0.716080394489351	0.145362429739228	0.471893330774398	0.470752139827216	0.488452554032329	0.802635507718925	0.827445570009572	0.701143394621031	0.851206182586482	0.76747322862735	0.606433839739925	0.673213588696936	0.679419417692793	0.367764918819619	0.68398483167824	0.222713986662673	0.31596826101659
